       2  0.1728000E+06  0.8640000E+05  0.2207225E-03  0.6398567E+02  0.6398567E+03  0.4970663E+00  0.4694272E+00
  
  
  
  
  
  
  
  
  
  
  
  
  
  
  
  
  
  
  
  
  
  
  
  
  
  
  
  
  
  
  
  
  
  
  
  
  
  
  
  
  
  
  
  
  
  
  
  
  
  
  
  
  
       3  0.2592000E+06  0.8640000E+05  0.1020015E-03  0.7792734E+02  0.7792734E+03  0.6053708E+00  0.5717096E+00
       4  0.3456000E+06  0.8640000E+05  0.5408979E-04  0.8467048E+02  0.8467048E+03  0.6577543E+00  0.6211802E+00
  
  
  
  
  
  
  
  
  
  
  
  
  
  
  
  
  
  
  
  
  
  
  
  
  
  
  
  
  
  
  
  
  
  
  
  
  
  
  
  
  
  
  
  
  
  
  
  
  
  
  
  
  
       5  0.4320000E+06  0.8640000E+05  0.3147641E-04  0.8836694E+02  0.8836694E+03  0.6864699E+00  0.6482991E+00
       6  0.5184000E+06  0.8640000E+05  0.1955449E-04  0.9057148E+02  0.9057148E+03  0.7035956E+00  0.6644726E+00
       7  0.6048000E+06  0.8640000E+05  0.1272823E-04  0.9196609E+02  0.9196609E+03  0.7144295E+00  0.6747041E+00
       8  0.6912000E+06  0.8640000E+05  0.8568698E-05  0.9288612E+02  0.9288612E+03  0.7215766E+00  0.6814538E+00
  
  
  
  
  
  
  
  
  
  
  
  
  
  
  
  
  
  
  
  
  
  
  
  
  
  
  
  
  
  
  
  
  
  
  
  
  
  
  
  
  
  
  
  
  
  
  
  
  
  
  
  
  
       9  0.7776000E+06  0.8640000E+05  0.5911806E-05  0.9351168E+02  0.9351168E+03  0.7264362E+00  0.6860432E+00
      10  0.8640000E+06  0.8640000E+05  0.4152862E-05  0.9394647E+02  0.9394647E+03  0.7298139E+00  0.6892330E+00
      11  0.9504000E+06  0.8640000E+05  0.2956257E-05  0.9425358E+02  0.9425358E+03  0.7321997E+00  0.6914861E+00
      12  0.1036800E+07  0.8640000E+05  0.2125210E-05  0.9447310E+02  0.9447310E+03  0.7339050E+00  0.6930966E+00
  
  
  
  
  
  
  
  
  
  
  
  
  
  
  
  
  
  
  
  
  
  
  
  
  
  
  
  
  
  
  
  
  
  
  
  
  
  
  
  
  
  
  
  
  
  
  
  
  
  
  
  
  
      13  0.1123200E+07  0.8640000E+05  0.1538935E-05  0.9463139E+02  0.9463139E+03  0.7351346E+00  0.6942579E+00
      14  0.1209600E+07  0.8640000E+05  0.1120416E-05  0.9474628E+02  0.9474628E+03  0.7360271E+00  0.6951008E+00
      15  0.1296000E+07  0.8640000E+05  0.8189809E-06  0.9483006E+02  0.9483006E+03  0.7366780E+00  0.6957154E+00
      16  0.1382400E+07  0.8640000E+05  0.6004185E-06  0.9489138E+02  0.9489138E+03  0.7371543E+00  0.6961653E+00
      17  0.1468800E+07  0.8640000E+05  0.4411508E-06  0.9493637E+02  0.9493637E+03  0.7375038E+00  0.6964954E+00
      18  0.1555200E+07  0.8640000E+05  0.3246577E-06  0.9496946E+02  0.9496946E+03  0.7377609E+00  0.6967381E+00
      19  0.1641600E+07  0.8640000E+05  0.2392141E-06  0.9499382E+02  0.9499382E+03  0.7379501E+00  0.6969168E+00
      20  0.1728000E+07  0.8640000E+05  0.1764146E-06  0.9501177E+02  0.9501177E+03  0.7380896E+00  0.6970485E+00
      21  0.1814400E+07  0.8640000E+05  0.1301873E-06  0.9502502E+02  0.9502502E+03  0.7381925E+00  0.6971457E+00
      22  0.1900800E+07  0.8640000E+05  0.9612009E-07  0.9503479E+02  0.9503479E+03  0.7382684E+00  0.6972174E+00
      23  0.1987200E+07  0.8640000E+05  0.7099314E-07  0.9504201E+02  0.9504201E+03  0.7383245E+00  0.6972704E+00
      24  0.2073600E+07  0.8640000E+05  0.5244867E-07  0.9504735E+02  0.9504735E+03  0.7383659E+00  0.6973095E+00
      25  0.2160000E+07  0.8640000E+05  0.3875593E-07  0.9505129E+02  0.9505129E+03  0.7383965E+00  0.6973384E+00
      26  0.2246400E+07  0.8640000E+05  0.2864212E-07  0.9505420E+02  0.9505420E+03  0.7384191E+00  0.6973598E+00
      27  0.2332800E+07  0.8640000E+05  0.2116991E-07  0.9505635E+02  0.9505635E+03  0.7384359E+00  0.6973756E+00
      28  0.2419200E+07  0.8640000E+05  0.1564850E-07  0.9505794E+02  0.9505794E+03  0.7384482E+00  0.6973872E+00
      29  0.2505600E+07  0.8640000E+05  0.1156784E-07  0.9505912E+02  0.9505912E+03  0.7384573E+00  0.6973959E+00
      30  0.2592000E+07  0.8640000E+05  0.8534277E-08  0.9505998E+02  0.9505998E+03  0.7384641E+00  0.6974022E+00
      31  0.2678400E+07  0.8640000E+05  0.6296128E-08  0.9506062E+02  0.9506062E+03  0.7384691E+00  0.6974069E+00
      32  0.2764800E+07  0.8640000E+05  0.4645035E-08  0.9506110E+02  0.9506110E+03  0.7384727E+00  0.6974104E+00
      33  0.2851200E+07  0.8640000E+05  0.3426995E-08  0.9506145E+02  0.9506145E+03  0.7384755E+00  0.6974130E+00
      34  0.2937600E+07  0.8640000E+05  0.2528396E-08  0.9506170E+02  0.9506170E+03  0.7384775E+00  0.6974148E+00
      35  0.3024000E+07  0.8640000E+05  0.1865445E-08  0.9506189E+02  0.9506189E+03  0.7384789E+00  0.6974162E+00
      36  0.3110400E+07  0.8640000E+05  0.1376334E-08  0.9506203E+02  0.9506203E+03  0.7384800E+00  0.6974173E+00
      37  0.3196800E+07  0.8640000E+05  0.1015473E-08  0.9506214E+02  0.9506214E+03  0.7384808E+00  0.6974180E+00
      38  0.3283200E+07  0.8640000E+05  0.7492302E-09  0.9506221E+02  0.9506221E+03  0.7384814E+00  0.6974186E+00
      39  0.3369600E+07  0.8640000E+05  0.5527947E-09  0.9506227E+02  0.9506227E+03  0.7384818E+00  0.6974190E+00
      40  0.3456000E+07  0.8640000E+05  0.4078624E-09  0.9506231E+02  0.9506231E+03  0.7384822E+00  0.6974193E+00
      41  0.3542400E+07  0.8640000E+05  0.3009293E-09  0.9506234E+02  0.9506234E+03  0.7384824E+00  0.6974195E+00
      42  0.3628800E+07  0.8640000E+05  0.2220321E-09  0.9506236E+02  0.9506236E+03  0.7384826E+00  0.6974197E+00
      43  0.3715200E+07  0.8640000E+05  0.1638203E-09  0.9506238E+02  0.9506238E+03  0.7384827E+00  0.6974198E+00
      44  0.3801600E+07  0.8640000E+05  0.1208704E-09  0.9506239E+02  0.9506239E+03  0.7384828E+00  0.6974199E+00
      45  0.3888000E+07  0.8640000E+05  0.8918106E-10  0.9506240E+02  0.9506240E+03  0.7384829E+00  0.6974200E+00
      46  0.3974400E+07  0.8640000E+05  0.6579993E-10  0.9506241E+02  0.9506241E+03  0.7384829E+00  0.6974200E+00
      47  0.4060800E+07  0.8640000E+05  0.4854878E-10  0.9506241E+02  0.9506241E+03  0.7384830E+00  0.6974201E+00
      48  0.4147200E+07  0.8640000E+05  0.3582048E-10  0.9506242E+02  0.9506242E+03  0.7384830E+00  0.6974201E+00
      49  0.4233600E+07  0.8640000E+05  0.2642923E-10  0.9506242E+02  0.9506242E+03  0.7384830E+00  0.6974201E+00
      50  0.4320000E+07  0.8640000E+05  0.1950014E-10  0.9506242E+02  0.9506242E+03  0.7384830E+00  0.6974201E+00
      51  0.4406400E+07  0.8640000E+05  0.1438769E-10  0.9506242E+02  0.9506242E+03  0.7384830E+00  0.6974201E+00
      52  0.4492800E+07  0.8640000E+05  0.1061559E-10  0.9506242E+02  0.9506242E+03  0.7384831E+00  0.6974201E+00
      53  0.4579200E+07  0.8640000E+05  0.7832446E-11  0.9506242E+02  0.9506242E+03  0.7384831E+00  0.6974201E+00
      54  0.4665600E+07  0.8640000E+05  0.5778974E-11  0.9506243E+02  0.9506243E+03  0.7384831E+00  0.6974201E+00
      55  0.4752000E+07  0.8640000E+05  0.4263871E-11  0.9506243E+02  0.9506243E+03  0.7384831E+00  0.6974201E+00
      56  0.4838400E+07  0.8640000E+05  0.3145991E-11  0.9506243E+02  0.9506243E+03  0.7384831E+00  0.6974202E+00
      57  0.4924800E+07  0.8640000E+05  0.2321190E-11  0.9506243E+02  0.9506243E+03  0.7384831E+00  0.6974202E+00
      58  0.5011200E+07  0.8640000E+05  0.1712632E-11  0.9506243E+02  0.9506243E+03  0.7384831E+00  0.6974202E+00
      59  0.5097600E+07  0.8640000E+05  0.1263622E-11  0.9506243E+02  0.9506243E+03  0.7384831E+00  0.6974202E+00
      60  0.5184000E+07  0.8640000E+05  0.9323325E-12  0.9506243E+02  0.9506243E+03  0.7384831E+00  0.6974202E+00
      61  0.5270400E+07  0.8640000E+05  0.6878977E-12  0.9506243E+02  0.9506243E+03  0.7384831E+00  0.6974202E+00
      62  0.5356800E+07  0.8640000E+05  0.5075474E-12  0.9506243E+02  0.9506243E+03  0.7384831E+00  0.6974202E+00
      63  0.5443200E+07  0.8640000E+05  0.3744806E-12  0.9506243E+02  0.9506243E+03  0.7384831E+00  0.6974202E+00
      64  0.5529600E+07  0.8640000E+05  0.2763014E-12  0.9506243E+02  0.9506243E+03  0.7384831E+00  0.6974202E+00
      65  0.5616000E+07  0.8640000E+05  0.2038610E-12  0.9506243E+02  0.9506243E+03  0.7384831E+00  0.6974202E+00
      66  0.5702400E+07  0.8640000E+05  0.1504135E-12  0.9506243E+02  0.9506243E+03  0.7384831E+00  0.6974202E+00
      67  0.5788800E+07  0.8640000E+05  0.1109784E-12  0.9506243E+02  0.9506243E+03  0.7384831E+00  0.6974202E+00
      68  0.5875200E+07  0.8640000E+05  0.8188221E-13  0.9506243E+02  0.9506243E+03  0.7384831E+00  0.6974202E+00
      69  0.5961600E+07  0.8640000E+05  0.6041496E-13  0.9506243E+02  0.9506243E+03  0.7384831E+00  0.6974202E+00
      70  0.6048000E+07  0.8640000E+05  0.4457510E-13  0.9506243E+02  0.9506243E+03  0.7384831E+00  0.6974202E+00
      71  0.6134400E+07  0.8640000E+05  0.3288819E-13  0.9506243E+02  0.9506243E+03  0.7384831E+00  0.6974202E+00
      72  0.6220800E+07  0.8640000E+05  0.2426519E-13  0.9506243E+02  0.9506243E+03  0.7384831E+00  0.6974202E+00
      73  0.6307200E+07  0.8640000E+05  0.1790388E-13  0.9506243E+02  0.9506243E+03  0.7384831E+00  0.6974202E+00
      74  0.6393600E+07  0.8640000E+05  0.1320995E-13  0.9506243E+02  0.9506243E+03  0.7384831E+00  0.6974202E+00
      75  0.6480000E+07  0.8640000E+05  0.9746876E-14  0.9506243E+02  0.9506243E+03  0.7384831E+00  0.6974202E+00
      76  0.6566400E+07  0.8640000E+05  0.7191505E-14  0.9506243E+02  0.9506243E+03  0.7384831E+00  0.6974202E+00
      77  0.6652800E+07  0.8640000E+05  0.5306678E-14  0.9506243E+02  0.9506243E+03  0.7384831E+00  0.6974202E+00
      78  0.6739200E+07  0.8640000E+05  0.3915598E-14  0.9506243E+02  0.9506243E+03  0.7384831E+00  0.6974202E+00
      79  0.6825600E+07  0.8640000E+05  0.2889262E-14  0.9506243E+02  0.9506243E+03  0.7384831E+00  0.6974202E+00
      80  0.6912000E+07  0.8640000E+05  0.2131701E-14  0.9506243E+02  0.9506243E+03  0.7384831E+00  0.6974202E+00
      81  0.6998400E+07  0.8640000E+05  0.1573038E-14  0.9506243E+02  0.9506243E+03  0.7384831E+00  0.6974202E+00
      82  0.7084800E+07  0.8640000E+05  0.1161171E-14  0.9506243E+02  0.9506243E+03  0.7384831E+00  0.6974202E+00
      83  0.7171200E+07  0.8640000E+05  0.8570110E-15  0.9506243E+02  0.9506243E+03  0.7384831E+00  0.6974202E+00
      84  0.7257600E+07  0.8640000E+05  0.6328458E-15  0.9506243E+02  0.9506243E+03  0.7384831E+00  0.6974202E+00
      85  0.7344000E+07  0.8640000E+05  0.4672239E-15  0.9506243E+02  0.9506243E+03  0.7384831E+00  0.6974202E+00
      86  0.7430400E+07  0.8640000E+05  0.3441238E-15  0.9506243E+02  0.9506243E+03  0.7384831E+00  0.6974202E+00
      87  0.7516800E+07  0.8640000E+05  0.2552207E-15  0.9506243E+02  0.9506243E+03  0.7384831E+00  0.6974202E+00
      88  0.7603200E+07  0.8640000E+05  0.1898336E-15  0.9506243E+02  0.9506243E+03  0.7384831E+00  0.6974202E+00
      89  0.7689600E+07  0.8640000E+05  0.1412308E-15  0.9506243E+02  0.9506243E+03  0.7384831E+00  0.6974202E+00
      90  0.7776000E+07  0.8640000E+05  0.1052611E-15  0.9506243E+02  0.9506243E+03  0.7384831E+00  0.6974202E+00
      91  0.7862400E+07  0.8640000E+05  0.7891780E-16  0.9506243E+02  0.9506243E+03  0.7384831E+00  0.6974202E+00
      92  0.7948800E+07  0.8640000E+05  0.5914908E-16  0.9506243E+02  0.9506243E+03  0.7384831E+00  0.6974202E+00
      93  0.8035200E+07  0.8640000E+05  0.4485547E-16  0.9506243E+02  0.9506243E+03  0.7384831E+00  0.6974202E+00
      94  0.8121600E+07  0.8640000E+05  0.3365843E-16  0.9506243E+02  0.9506243E+03  0.7384831E+00  0.6974202E+00
      95  0.8208000E+07  0.8640000E+05  0.2638821E-16  0.9506243E+02  0.9506243E+03  0.7384831E+00  0.6974202E+00
      96  0.8294400E+07  0.8640000E+05  0.2032969E-16  0.9506243E+02  0.9506243E+03  0.7384831E+00  0.6974202E+00
      97  0.8380800E+07  0.8640000E+05  0.1590922E-16  0.9506243E+02  0.9506243E+03  0.7384831E+00  0.6974202E+00
      98  0.8467200E+07  0.8640000E+05  0.1305947E-16  0.9506243E+02  0.9506243E+03  0.7384831E+00  0.6974202E+00
      99  0.8553600E+07  0.8640000E+05  0.1068094E-16  0.9506243E+02  0.9506243E+03  0.7384831E+00  0.6974202E+00
     100  0.8640000E+07  0.8640000E+05  0.9514117E-17  0.9506243E+02  0.9506243E+03  0.7384831E+00  0.6974202E+00
     101  0.8726400E+07  0.8640000E+05  0.8010707E-17  0.9506243E+02  0.9506243E+03  0.7384831E+00  0.6974202E+00
     102  0.8812800E+07  0.8640000E+05  0.7292660E-17  0.9506243E+02  0.9506243E+03  0.7384831E+00  0.6974202E+00
     103  0.8899200E+07  0.8640000E+05  0.6574614E-17  0.9506243E+02  0.9506243E+03  0.7384831E+00  0.6974202E+00
     104  0.8985600E+07  0.8640000E+05  0.6439980E-17  0.9506243E+02  0.9506243E+03  0.7384831E+00  0.6974202E+00
     105  0.9072000E+07  0.8640000E+05  0.6125835E-17  0.9506243E+02  0.9506243E+03  0.7384831E+00  0.6974202E+00
     106  0.9158400E+07  0.8640000E+05  0.6080957E-17  0.9506243E+02  0.9506243E+03  0.7384831E+00  0.6974202E+00
     107  0.9244800E+07  0.8640000E+05  0.5564861E-17  0.9506243E+02  0.9506243E+03  0.7384831E+00  0.6974202E+00
     108  0.9331200E+07  0.8640000E+05  0.5318032E-17  0.9506243E+02  0.9506243E+03  0.7384831E+00  0.6974202E+00
     109  0.9417600E+07  0.8640000E+05  0.4981448E-17  0.9506243E+02  0.9506243E+03  0.7384831E+00  0.6974202E+00
     110  0.9504000E+07  0.8640000E+05  0.4981448E-17  0.9506243E+02  0.9506243E+03  0.7384831E+00  0.6974202E+00
     111  0.9590400E+07  0.8640000E+05  0.4869253E-17  0.9506243E+02  0.9506243E+03  0.7384831E+00  0.6974202E+00
     112  0.9676800E+07  0.8640000E+05  0.4757058E-17  0.9506243E+02  0.9506243E+03  0.7384831E+00  0.6974202E+00
     113  0.9763200E+07  0.8640000E+05  0.5026326E-17  0.9506243E+02  0.9506243E+03  0.7384831E+00  0.6974202E+00
     114  0.9849600E+07  0.8640000E+05  0.4622425E-17  0.9506243E+02  0.9506243E+03  0.7384831E+00  0.6974202E+00
     115  0.9936000E+07  0.8640000E+05  0.4869253E-17  0.9506243E+02  0.9506243E+03  0.7384831E+00  0.6974202E+00
     116  0.1002240E+08  0.8640000E+05  0.4420474E-17  0.9506243E+02  0.9506243E+03  0.7384831E+00  0.6974202E+00
     117  0.1010880E+08  0.8640000E+05  0.4667303E-17  0.9506243E+02  0.9506243E+03  0.7384831E+00  0.6974202E+00
     118  0.1019520E+08  0.8640000E+05  0.4330718E-17  0.9506243E+02  0.9506243E+03  0.7384831E+00  0.6974202E+00
     119  0.1028160E+08  0.8640000E+05  0.4622425E-17  0.9506243E+02  0.9506243E+03  0.7384831E+00  0.6974202E+00
     120  0.1036800E+08  0.8640000E+05  0.4442913E-17  0.9506243E+02  0.9506243E+03  0.7384831E+00  0.6974202E+00
     121  0.1045440E+08  0.8640000E+05  0.4667303E-17  0.9506243E+02  0.9506243E+03  0.7384831E+00  0.6974202E+00
     122  0.1054080E+08  0.8640000E+05  0.4420474E-17  0.9506243E+02  0.9506243E+03  0.7384831E+00  0.6974202E+00
     123  0.1062720E+08  0.8640000E+05  0.4442913E-17  0.9506243E+02  0.9506243E+03  0.7384831E+00  0.6974202E+00
     124  0.1071360E+08  0.8640000E+05  0.4757058E-17  0.9506243E+02  0.9506243E+03  0.7384831E+00  0.6974202E+00
     125  0.1080000E+08  0.8640000E+05  0.4757058E-17  0.9506243E+02  0.9506243E+03  0.7384831E+00  0.6974202E+00
     126  0.1088640E+08  0.8640000E+05  0.4712180E-17  0.9506243E+02  0.9506243E+03  0.7384831E+00  0.6974202E+00
     127  0.1097280E+08  0.8640000E+05  0.4420474E-17  0.9506243E+02  0.9506243E+03  0.7384831E+00  0.6974202E+00
     128  0.1105920E+08  0.8640000E+05  0.4891692E-17  0.9506243E+02  0.9506243E+03  0.7384831E+00  0.6974202E+00
     129  0.1114560E+08  0.8640000E+05  0.4083890E-17  0.9506243E+02  0.9506243E+03  0.7384831E+00  0.6974202E+00
     130  0.1123200E+08  0.8640000E+05  0.4667303E-17  0.9506243E+02  0.9506243E+03  0.7384831E+00  0.6974202E+00
     131  0.1131840E+08  0.8640000E+05  0.4330718E-17  0.9506243E+02  0.9506243E+03  0.7384831E+00  0.6974202E+00
     132  0.1140480E+08  0.8640000E+05  0.4959009E-17  0.9506243E+02  0.9506243E+03  0.7384831E+00  0.6974202E+00
     133  0.1149120E+08  0.8640000E+05  0.4330718E-17  0.9506243E+02  0.9506243E+03  0.7384831E+00  0.6974202E+00
     134  0.1157760E+08  0.8640000E+05  0.4981448E-17  0.9506243E+02  0.9506243E+03  0.7384831E+00  0.6974202E+00
     135  0.1166400E+08  0.8640000E+05  0.4308279E-17  0.9506243E+02  0.9506243E+03  0.7384831E+00  0.6974202E+00
     136  0.1175040E+08  0.8640000E+05  0.4667303E-17  0.9506243E+02  0.9506243E+03  0.7384831E+00  0.6974202E+00
     137  0.1183680E+08  0.8640000E+05  0.4779497E-17  0.9506243E+02  0.9506243E+03  0.7384831E+00  0.6974202E+00
     138  0.1192320E+08  0.8640000E+05  0.4173646E-17  0.9506243E+02  0.9506243E+03  0.7384831E+00  0.6974202E+00
     139  0.1200960E+08  0.8640000E+05  0.4869253E-17  0.9506243E+02  0.9506243E+03  0.7384831E+00  0.6974202E+00
     140  0.1209600E+08  0.8640000E+05  0.4981448E-17  0.9506243E+02  0.9506243E+03  0.7384831E+00  0.6974202E+00
     141  0.1218240E+08  0.8640000E+05  0.4218523E-17  0.9506243E+02  0.9506243E+03  0.7384831E+00  0.6974202E+00
     142  0.1226880E+08  0.8640000E+05  0.4308279E-17  0.9506243E+02  0.9506243E+03  0.7384831E+00  0.6974202E+00
     143  0.1235520E+08  0.8640000E+05  0.4667303E-17  0.9506243E+02  0.9506243E+03  0.7384831E+00  0.6974202E+00
     144  0.1244160E+08  0.8640000E+05  0.4712180E-17  0.9506243E+02  0.9506243E+03  0.7384831E+00  0.6974202E+00
     145  0.1252800E+08  0.8640000E+05  0.4757058E-17  0.9506243E+02  0.9506243E+03  0.7384831E+00  0.6974202E+00
     146  0.1261440E+08  0.8640000E+05  0.4442913E-17  0.9506243E+02  0.9506243E+03  0.7384831E+00  0.6974202E+00
     147  0.1270080E+08  0.8640000E+05  0.4757058E-17  0.9506243E+02  0.9506243E+03  0.7384831E+00  0.6974202E+00
     148  0.1278720E+08  0.8640000E+05  0.3971695E-17  0.9506243E+02  0.9506243E+03  0.7384831E+00  0.6974202E+00
     149  0.1287360E+08  0.8640000E+05  0.4779497E-17  0.9506243E+02  0.9506243E+03  0.7384831E+00  0.6974202E+00
     150  0.1296000E+08  0.8640000E+05  0.4442913E-17  0.9506243E+02  0.9506243E+03  0.7384831E+00  0.6974202E+00
     151  0.1304640E+08  0.8640000E+05  0.4757058E-17  0.9506243E+02  0.9506243E+03  0.7384831E+00  0.6974202E+00
     152  0.1313280E+08  0.8640000E+05  0.4442913E-17  0.9506243E+02  0.9506243E+03  0.7384831E+00  0.6974202E+00
     153  0.1321920E+08  0.8640000E+05  0.4622425E-17  0.9506243E+02  0.9506243E+03  0.7384831E+00  0.6974202E+00
     154  0.1330560E+08  0.8640000E+05  0.4757058E-17  0.9506243E+02  0.9506243E+03  0.7384831E+00  0.6974202E+00
     155  0.1339200E+08  0.8640000E+05  0.4218523E-17  0.9506243E+02  0.9506243E+03  0.7384831E+00  0.6974202E+00
     156  0.1347840E+08  0.8640000E+05  0.5026326E-17  0.9506243E+02  0.9506243E+03  0.7384831E+00  0.6974202E+00
     157  0.1356480E+08  0.8640000E+05  0.4420474E-17  0.9506243E+02  0.9506243E+03  0.7384831E+00  0.6974202E+00
     158  0.1365120E+08  0.8640000E+05  0.4981448E-17  0.9506243E+02  0.9506243E+03  0.7384831E+00  0.6974202E+00
     159  0.1373760E+08  0.8640000E+05  0.4061451E-17  0.9506243E+02  0.9506243E+03  0.7384831E+00  0.6974202E+00
     160  0.1382400E+08  0.8640000E+05  0.4599986E-17  0.9506243E+02  0.9506243E+03  0.7384831E+00  0.6974202E+00
     161  0.1391040E+08  0.8640000E+05  0.4218523E-17  0.9506243E+02  0.9506243E+03  0.7384831E+00  0.6974202E+00
     162  0.1399680E+08  0.8640000E+05  0.4622425E-17  0.9506243E+02  0.9506243E+03  0.7384831E+00  0.6974202E+00
     163  0.1408320E+08  0.8640000E+05  0.4869253E-17  0.9506243E+02  0.9506243E+03  0.7384831E+00  0.6974202E+00
     164  0.1416960E+08  0.8640000E+05  0.4308279E-17  0.9506243E+02  0.9506243E+03  0.7384831E+00  0.6974202E+00
     165  0.1425600E+08  0.8640000E+05  0.4622425E-17  0.9506243E+02  0.9506243E+03  0.7384831E+00  0.6974202E+00
     166  0.1434240E+08  0.8640000E+05  0.4398035E-17  0.9506243E+02  0.9506243E+03  0.7384831E+00  0.6974202E+00
     167  0.1442880E+08  0.8640000E+05  0.5228276E-17  0.9506243E+02  0.9506243E+03  0.7384831E+00  0.6974202E+00
     168  0.1451520E+08  0.8640000E+05  0.4330718E-17  0.9506243E+02  0.9506243E+03  0.7384831E+00  0.6974202E+00
     169  0.1460160E+08  0.8640000E+05  0.4981448E-17  0.9506243E+02  0.9506243E+03  0.7384831E+00  0.6974202E+00
     170  0.1468800E+08  0.8640000E+05  0.4218523E-17  0.9506243E+02  0.9506243E+03  0.7384831E+00  0.6974202E+00
     171  0.1477440E+08  0.8640000E+05  0.4667303E-17  0.9506243E+02  0.9506243E+03  0.7384831E+00  0.6974202E+00
     172  0.1486080E+08  0.8640000E+05  0.4218523E-17  0.9506243E+02  0.9506243E+03  0.7384831E+00  0.6974202E+00
     173  0.1494720E+08  0.8640000E+05  0.4622425E-17  0.9506243E+02  0.9506243E+03  0.7384831E+00  0.6974202E+00
     174  0.1503360E+08  0.8640000E+05  0.4869253E-17  0.9506243E+02  0.9506243E+03  0.7384831E+00  0.6974202E+00
     175  0.1512000E+08  0.8640000E+05  0.4308279E-17  0.9506243E+02  0.9506243E+03  0.7384831E+00  0.6974202E+00
     176  0.1520640E+08  0.8640000E+05  0.4981448E-17  0.9506243E+02  0.9506243E+03  0.7384831E+00  0.6974202E+00
     177  0.1529280E+08  0.8640000E+05  0.4330718E-17  0.9506243E+02  0.9506243E+03  0.7384831E+00  0.6974202E+00
     178  0.1537920E+08  0.8640000E+05  0.4263401E-17  0.9506243E+02  0.9506243E+03  0.7384831E+00  0.6974202E+00
     179  0.1546560E+08  0.8640000E+05  0.4779497E-17  0.9506243E+02  0.9506243E+03  0.7384831E+00  0.6974202E+00
     180  0.1555200E+08  0.8640000E+05  0.4308279E-17  0.9506243E+02  0.9506243E+03  0.7384831E+00  0.6974202E+00
     181  0.1563840E+08  0.8640000E+05  0.4779497E-17  0.9506243E+02  0.9506243E+03  0.7384831E+00  0.6974202E+00
     182  0.1572480E+08  0.8640000E+05  0.4308279E-17  0.9506243E+02  0.9506243E+03  0.7384831E+00  0.6974202E+00
     183  0.1581120E+08  0.8640000E+05  0.4420474E-17  0.9506243E+02  0.9506243E+03  0.7384831E+00  0.6974202E+00
     184  0.1589760E+08  0.8640000E+05  0.4622425E-17  0.9506243E+02  0.9506243E+03  0.7384831E+00  0.6974202E+00
     185  0.1598400E+08  0.8640000E+05  0.4420474E-17  0.9506243E+02  0.9506243E+03  0.7384831E+00  0.6974202E+00
     186  0.1607040E+08  0.8640000E+05  0.4420474E-17  0.9506243E+02  0.9506243E+03  0.7384831E+00  0.6974202E+00
     187  0.1615680E+08  0.8640000E+05  0.4622425E-17  0.9506243E+02  0.9506243E+03  0.7384831E+00  0.6974202E+00
     188  0.1624320E+08  0.8640000E+05  0.4420474E-17  0.9506243E+02  0.9506243E+03  0.7384831E+00  0.6974202E+00
     189  0.1632960E+08  0.8640000E+05  0.4442913E-17  0.9506243E+02  0.9506243E+03  0.7384831E+00  0.6974202E+00
     190  0.1641600E+08  0.8640000E+05  0.4757058E-17  0.9506243E+02  0.9506243E+03  0.7384831E+00  0.6974202E+00
     191  0.1650240E+08  0.8640000E+05  0.4442913E-17  0.9506243E+02  0.9506243E+03  0.7384831E+00  0.6974202E+00
     192  0.1658880E+08  0.8640000E+05  0.4420474E-17  0.9506243E+02  0.9506243E+03  0.7384831E+00  0.6974202E+00
     193  0.1667520E+08  0.8640000E+05  0.4420474E-17  0.9506243E+02  0.9506243E+03  0.7384831E+00  0.6974202E+00
     194  0.1676160E+08  0.8640000E+05  0.4667303E-17  0.9506243E+02  0.9506243E+03  0.7384831E+00  0.6974202E+00
     195  0.1684800E+08  0.8640000E+05  0.4420474E-17  0.9506243E+02  0.9506243E+03  0.7384831E+00  0.6974202E+00
     196  0.1693440E+08  0.8640000E+05  0.4667303E-17  0.9506243E+02  0.9506243E+03  0.7384831E+00  0.6974202E+00
     197  0.1702080E+08  0.8640000E+05  0.4308279E-17  0.9506243E+02  0.9506243E+03  0.7384831E+00  0.6974202E+00
     198  0.1710720E+08  0.8640000E+05  0.4420474E-17  0.9506243E+02  0.9506243E+03  0.7384831E+00  0.6974202E+00
     199  0.1719360E+08  0.8640000E+05  0.4667303E-17  0.9506243E+02  0.9506243E+03  0.7384831E+00  0.6974202E+00
     200  0.1728000E+08  0.8640000E+05  0.4308279E-17  0.9506243E+02  0.9506243E+03  0.7384831E+00  0.6974202E+00
     201  0.1736640E+08  0.8640000E+05  0.4420474E-17  0.9506243E+02  0.9506243E+03  0.7384831E+00  0.6974202E+00
     202  0.1745280E+08  0.8640000E+05  0.4442913E-17  0.9506243E+02  0.9506243E+03  0.7384831E+00  0.6974202E+00
     203  0.1753920E+08  0.8640000E+05  0.4622425E-17  0.9506243E+02  0.9506243E+03  0.7384831E+00  0.6974202E+00
     204  0.1762560E+08  0.8640000E+05  0.4757058E-17  0.9506243E+02  0.9506243E+03  0.7384831E+00  0.6974202E+00
     205  0.1771200E+08  0.8640000E+05  0.4330718E-17  0.9506243E+02  0.9506243E+03  0.7384831E+00  0.6974202E+00
     206  0.1779840E+08  0.8640000E+05  0.4398035E-17  0.9506243E+02  0.9506243E+03  0.7384831E+00  0.6974202E+00
     207  0.1788480E+08  0.8640000E+05  0.4622425E-17  0.9506243E+02  0.9506243E+03  0.7384831E+00  0.6974202E+00
     208  0.1797120E+08  0.8640000E+05  0.4757058E-17  0.9506243E+02  0.9506243E+03  0.7384831E+00  0.6974202E+00
     209  0.1805760E+08  0.8640000E+05  0.4173646E-17  0.9506243E+02  0.9506243E+03  0.7384831E+00  0.6974202E+00
     210  0.1814400E+08  0.8640000E+05  0.4981448E-17  0.9506243E+02  0.9506243E+03  0.7384831E+00  0.6974202E+00
     211  0.1823040E+08  0.8640000E+05  0.4330718E-17  0.9506243E+02  0.9506243E+03  0.7384831E+00  0.6974202E+00
     212  0.1831680E+08  0.8640000E+05  0.4420474E-17  0.9506243E+02  0.9506243E+03  0.7384831E+00  0.6974202E+00
     213  0.1840320E+08  0.8640000E+05  0.4667303E-17  0.9506243E+02  0.9506243E+03  0.7384831E+00  0.6974202E+00
     214  0.1848960E+08  0.8640000E+05  0.4779497E-17  0.9506243E+02  0.9506243E+03  0.7384831E+00  0.6974202E+00
     215  0.1857600E+08  0.8640000E+05  0.4398035E-17  0.9506243E+02  0.9506243E+03  0.7384831E+00  0.6974202E+00
     216  0.1866240E+08  0.8640000E+05  0.4757058E-17  0.9506243E+02  0.9506243E+03  0.7384831E+00  0.6974202E+00
     217  0.1874880E+08  0.8640000E+05  0.4442913E-17  0.9506243E+02  0.9506243E+03  0.7384831E+00  0.6974202E+00
     218  0.1883520E+08  0.8640000E+05  0.4891692E-17  0.9506243E+02  0.9506243E+03  0.7384831E+00  0.6974202E+00
     219  0.1892160E+08  0.8640000E+05  0.4218523E-17  0.9506243E+02  0.9506243E+03  0.7384831E+00  0.6974202E+00
     220  0.1900800E+08  0.8640000E+05  0.4779497E-17  0.9506243E+02  0.9506243E+03  0.7384831E+00  0.6974202E+00
     221  0.1909440E+08  0.8640000E+05  0.4330718E-17  0.9506243E+02  0.9506243E+03  0.7384831E+00  0.6974202E+00
     222  0.1918080E+08  0.8640000E+05  0.4757058E-17  0.9506243E+02  0.9506243E+03  0.7384831E+00  0.6974202E+00
     223  0.1926720E+08  0.8640000E+05  0.4757058E-17  0.9506243E+02  0.9506243E+03  0.7384831E+00  0.6974202E+00
     224  0.1935360E+08  0.8640000E+05  0.4218523E-17  0.9506243E+02  0.9506243E+03  0.7384831E+00  0.6974202E+00
     225  0.1944000E+08  0.8640000E+05  0.4622425E-17  0.9506243E+02  0.9506243E+03  0.7384831E+00  0.6974202E+00
     226  0.1952640E+08  0.8640000E+05  0.4622425E-17  0.9506243E+02  0.9506243E+03  0.7384831E+00  0.6974202E+00
     227  0.1961280E+08  0.8640000E+05  0.4712180E-17  0.9506243E+02  0.9506243E+03  0.7384831E+00  0.6974202E+00
     228  0.1969920E+08  0.8640000E+05  0.4330718E-17  0.9506243E+02  0.9506243E+03  0.7384831E+00  0.6974202E+00
     229  0.1978560E+08  0.8640000E+05  0.4442913E-17  0.9506243E+02  0.9506243E+03  0.7384831E+00  0.6974202E+00
     230  0.1987200E+08  0.8640000E+05  0.4779497E-17  0.9506243E+02  0.9506243E+03  0.7384831E+00  0.6974202E+00
     231  0.1995840E+08  0.8640000E+05  0.4218523E-17  0.9506243E+02  0.9506243E+03  0.7384831E+00  0.6974202E+00
     232  0.2004480E+08  0.8640000E+05  0.4869253E-17  0.9506243E+02  0.9506243E+03  0.7384831E+00  0.6974202E+00
     233  0.2013120E+08  0.8640000E+05  0.4757058E-17  0.9506243E+02  0.9506243E+03  0.7384831E+00  0.6974202E+00
     234  0.2021760E+08  0.8640000E+05  0.4398035E-17  0.9506243E+02  0.9506243E+03  0.7384831E+00  0.6974202E+00
     235  0.2030400E+08  0.8640000E+05  0.4846814E-17  0.9506243E+02  0.9506243E+03  0.7384831E+00  0.6974202E+00
     236  0.2039040E+08  0.8640000E+05  0.4420474E-17  0.9506243E+02  0.9506243E+03  0.7384831E+00  0.6974202E+00
     237  0.2047680E+08  0.8640000E+05  0.4622425E-17  0.9506243E+02  0.9506243E+03  0.7384831E+00  0.6974202E+00
     238  0.2056320E+08  0.8640000E+05  0.4622425E-17  0.9506243E+02  0.9506243E+03  0.7384831E+00  0.6974202E+00
     239  0.2064960E+08  0.8640000E+05  0.4622425E-17  0.9506243E+02  0.9506243E+03  0.7384831E+00  0.6974202E+00
     240  0.2073600E+08  0.8640000E+05  0.4869253E-17  0.9506243E+02  0.9506243E+03  0.7384831E+00  0.6974202E+00
     241  0.2082240E+08  0.8640000E+05  0.4712180E-17  0.9506243E+02  0.9506243E+03  0.7384831E+00  0.6974202E+00
     242  0.2090880E+08  0.8640000E+05  0.5205837E-17  0.9506243E+02  0.9506243E+03  0.7384831E+00  0.6974202E+00
     243  0.2099520E+08  0.8640000E+05  0.4420474E-17  0.9506243E+02  0.9506243E+03  0.7384831E+00  0.6974202E+00
     244  0.2108160E+08  0.8640000E+05  0.4869253E-17  0.9506243E+02  0.9506243E+03  0.7384831E+00  0.6974202E+00
     245  0.2116800E+08  0.8640000E+05  0.4330718E-17  0.9506243E+02  0.9506243E+03  0.7384831E+00  0.6974202E+00
     246  0.2125440E+08  0.8640000E+05  0.4757058E-17  0.9506243E+02  0.9506243E+03  0.7384831E+00  0.6974202E+00
     247  0.2134080E+08  0.8640000E+05  0.4173646E-17  0.9506243E+02  0.9506243E+03  0.7384831E+00  0.6974202E+00
     248  0.2142720E+08  0.8640000E+05  0.4398035E-17  0.9506243E+02  0.9506243E+03  0.7384831E+00  0.6974202E+00
     249  0.2151360E+08  0.8640000E+05  0.4757058E-17  0.9506243E+02  0.9506243E+03  0.7384831E+00  0.6974202E+00
     250  0.2160000E+08  0.8640000E+05  0.4442913E-17  0.9506243E+02  0.9506243E+03  0.7384831E+00  0.6974202E+00
     251  0.2168640E+08  0.8640000E+05  0.4622425E-17  0.9506243E+02  0.9506243E+03  0.7384831E+00  0.6974202E+00
     252  0.2177280E+08  0.8640000E+05  0.4869253E-17  0.9506243E+02  0.9506243E+03  0.7384831E+00  0.6974202E+00
     253  0.2185920E+08  0.8640000E+05  0.4151207E-17  0.9506243E+02  0.9506243E+03  0.7384831E+00  0.6974202E+00
     254  0.2194560E+08  0.8640000E+05  0.4061451E-17  0.9506243E+02  0.9506243E+03  0.7384831E+00  0.6974202E+00
     255  0.2203200E+08  0.8640000E+05  0.4263401E-17  0.9506243E+02  0.9506243E+03  0.7384831E+00  0.6974202E+00
     256  0.2211840E+08  0.8640000E+05  0.4599986E-17  0.9506243E+02  0.9506243E+03  0.7384831E+00  0.6974202E+00
     257  0.2220480E+08  0.8640000E+05  0.4442913E-17  0.9506243E+02  0.9506243E+03  0.7384831E+00  0.6974202E+00
     258  0.2229120E+08  0.8640000E+05  0.4442913E-17  0.9506243E+02  0.9506243E+03  0.7384831E+00  0.6974202E+00
     259  0.2237760E+08  0.8640000E+05  0.4622425E-17  0.9506243E+02  0.9506243E+03  0.7384831E+00  0.6974202E+00
     260  0.2246400E+08  0.8640000E+05  0.4420474E-17  0.9506243E+02  0.9506243E+03  0.7384831E+00  0.6974202E+00
     261  0.2255040E+08  0.8640000E+05  0.4779497E-17  0.9506243E+02  0.9506243E+03  0.7384831E+00  0.6974202E+00
     262  0.2263680E+08  0.8640000E+05  0.4218523E-17  0.9506243E+02  0.9506243E+03  0.7384831E+00  0.6974202E+00
     263  0.2272320E+08  0.8640000E+05  0.4330718E-17  0.9506243E+02  0.9506243E+03  0.7384831E+00  0.6974202E+00
     264  0.2280960E+08  0.8640000E+05  0.4622425E-17  0.9506243E+02  0.9506243E+03  0.7384831E+00  0.6974202E+00
     265  0.2289600E+08  0.8640000E+05  0.4622425E-17  0.9506243E+02  0.9506243E+03  0.7384831E+00  0.6974202E+00
     266  0.2298240E+08  0.8640000E+05  0.4420474E-17  0.9506243E+02  0.9506243E+03  0.7384831E+00  0.6974202E+00
     267  0.2306880E+08  0.8640000E+05  0.4420474E-17  0.9506243E+02  0.9506243E+03  0.7384831E+00  0.6974202E+00
     268  0.2315520E+08  0.8640000E+05  0.4622425E-17  0.9506243E+02  0.9506243E+03  0.7384831E+00  0.6974202E+00
     269  0.2324160E+08  0.8640000E+05  0.4712180E-17  0.9506243E+02  0.9506243E+03  0.7384831E+00  0.6974202E+00
     270  0.2332800E+08  0.8640000E+05  0.4442913E-17  0.9506243E+02  0.9506243E+03  0.7384831E+00  0.6974202E+00
     271  0.2341440E+08  0.8640000E+05  0.4622425E-17  0.9506243E+02  0.9506243E+03  0.7384831E+00  0.6974202E+00
     272  0.2350080E+08  0.8640000E+05  0.4622425E-17  0.9506243E+02  0.9506243E+03  0.7384831E+00  0.6974202E+00
     273  0.2358720E+08  0.8640000E+05  0.4712180E-17  0.9506243E+02  0.9506243E+03  0.7384831E+00  0.6974202E+00
     274  0.2367360E+08  0.8640000E+05  0.3971695E-17  0.9506243E+02  0.9506243E+03  0.7384831E+00  0.6974202E+00
     275  0.2376000E+08  0.8640000E+05  0.4308279E-17  0.9506243E+02  0.9506243E+03  0.7384831E+00  0.6974202E+00
     276  0.2384640E+08  0.8640000E+05  0.5228276E-17  0.9506243E+02  0.9506243E+03  0.7384831E+00  0.6974202E+00
     277  0.2393280E+08  0.8640000E+05  0.4218523E-17  0.9506243E+02  0.9506243E+03  0.7384831E+00  0.6974202E+00
     278  0.2401920E+08  0.8640000E+05  0.4398035E-17  0.9506243E+02  0.9506243E+03  0.7384831E+00  0.6974202E+00
     279  0.2410560E+08  0.8640000E+05  0.4667303E-17  0.9506243E+02  0.9506243E+03  0.7384831E+00  0.6974202E+00
     280  0.2419200E+08  0.8640000E+05  0.4420474E-17  0.9506243E+02  0.9506243E+03  0.7384831E+00  0.6974202E+00
     281  0.2427840E+08  0.8640000E+05  0.4779497E-17  0.9506243E+02  0.9506243E+03  0.7384831E+00  0.6974202E+00
     282  0.2436480E+08  0.8640000E+05  0.4420474E-17  0.9506243E+02  0.9506243E+03  0.7384831E+00  0.6974202E+00
     283  0.2445120E+08  0.8640000E+05  0.4420474E-17  0.9506243E+02  0.9506243E+03  0.7384831E+00  0.6974202E+00
     284  0.2453760E+08  0.8640000E+05  0.4667303E-17  0.9506243E+02  0.9506243E+03  0.7384831E+00  0.6974202E+00
     285  0.2462400E+08  0.8640000E+05  0.4218523E-17  0.9506243E+02  0.9506243E+03  0.7384831E+00  0.6974202E+00
     286  0.2471040E+08  0.8640000E+05  0.4420474E-17  0.9506243E+02  0.9506243E+03  0.7384831E+00  0.6974202E+00
     287  0.2479680E+08  0.8640000E+05  0.4420474E-17  0.9506243E+02  0.9506243E+03  0.7384831E+00  0.6974202E+00
     288  0.2488320E+08  0.8640000E+05  0.4420474E-17  0.9506243E+02  0.9506243E+03  0.7384831E+00  0.6974202E+00
     289  0.2496960E+08  0.8640000E+05  0.4779497E-17  0.9506243E+02  0.9506243E+03  0.7384831E+00  0.6974202E+00
     290  0.2505600E+08  0.8640000E+05  0.4420474E-17  0.9506243E+02  0.9506243E+03  0.7384831E+00  0.6974202E+00
     291  0.2514240E+08  0.8640000E+05  0.4779497E-17  0.9506243E+02  0.9506243E+03  0.7384831E+00  0.6974202E+00
     292  0.2522880E+08  0.8640000E+05  0.4218523E-17  0.9506243E+02  0.9506243E+03  0.7384831E+00  0.6974202E+00
     293  0.2531520E+08  0.8640000E+05  0.4420474E-17  0.9506243E+02  0.9506243E+03  0.7384831E+00  0.6974202E+00
     294  0.2540160E+08  0.8640000E+05  0.4667303E-17  0.9506243E+02  0.9506243E+03  0.7384831E+00  0.6974202E+00
     295  0.2548800E+08  0.8640000E+05  0.4442913E-17  0.9506243E+02  0.9506243E+03  0.7384831E+00  0.6974202E+00
     296  0.2557440E+08  0.8640000E+05  0.4420474E-17  0.9506243E+02  0.9506243E+03  0.7384831E+00  0.6974202E+00
     297  0.2566080E+08  0.8640000E+05  0.4667303E-17  0.9506243E+02  0.9506243E+03  0.7384831E+00  0.6974202E+00
     298  0.2574720E+08  0.8640000E+05  0.4173646E-17  0.9506243E+02  0.9506243E+03  0.7384831E+00  0.6974202E+00
     299  0.2583360E+08  0.8640000E+05  0.4442913E-17  0.9506243E+02  0.9506243E+03  0.7384831E+00  0.6974202E+00
     300  0.2592000E+08  0.8640000E+05  0.4757058E-17  0.9506243E+02  0.9506243E+03  0.7384831E+00  0.6974202E+00
     301  0.2600640E+08  0.8640000E+05  0.4330718E-17  0.9506243E+02  0.9506243E+03  0.7384831E+00  0.6974202E+00
     302  0.2609280E+08  0.8640000E+05  0.4757058E-17  0.9506243E+02  0.9506243E+03  0.7384831E+00  0.6974202E+00
     303  0.2617920E+08  0.8640000E+05  0.4151207E-17  0.9506243E+02  0.9506243E+03  0.7384831E+00  0.6974202E+00
     304  0.2626560E+08  0.8640000E+05  0.4308279E-17  0.9506243E+02  0.9506243E+03  0.7384831E+00  0.6974202E+00
     305  0.2635200E+08  0.8640000E+05  0.4667303E-17  0.9506243E+02  0.9506243E+03  0.7384831E+00  0.6974202E+00
     306  0.2643840E+08  0.8640000E+05  0.4442913E-17  0.9506243E+02  0.9506243E+03  0.7384831E+00  0.6974202E+00
     307  0.2652480E+08  0.8640000E+05  0.4622425E-17  0.9506243E+02  0.9506243E+03  0.7384831E+00  0.6974202E+00
     308  0.2661120E+08  0.8640000E+05  0.4869253E-17  0.9506243E+02  0.9506243E+03  0.7384831E+00  0.6974202E+00
     309  0.2669760E+08  0.8640000E+05  0.4622425E-17  0.9506243E+02  0.9506243E+03  0.7384831E+00  0.6974202E+00
     310  0.2678400E+08  0.8640000E+05  0.4869253E-17  0.9506243E+02  0.9506243E+03  0.7384831E+00  0.6974202E+00
     311  0.2687040E+08  0.8640000E+05  0.4308279E-17  0.9506243E+02  0.9506243E+03  0.7384831E+00  0.6974202E+00
     312  0.2695680E+08  0.8640000E+05  0.4442913E-17  0.9506243E+02  0.9506243E+03  0.7384831E+00  0.6974202E+00
     313  0.2704320E+08  0.8640000E+05  0.4442913E-17  0.9506243E+02  0.9506243E+03  0.7384831E+00  0.6974202E+00
     314  0.2712960E+08  0.8640000E+05  0.4667303E-17  0.9506243E+02  0.9506243E+03  0.7384831E+00  0.6974202E+00
     315  0.2721600E+08  0.8640000E+05  0.4442913E-17  0.9506243E+02  0.9506243E+03  0.7384831E+00  0.6974202E+00
     316  0.2730240E+08  0.8640000E+05  0.4757058E-17  0.9506243E+02  0.9506243E+03  0.7384831E+00  0.6974202E+00
     317  0.2738880E+08  0.8640000E+05  0.4442913E-17  0.9506243E+02  0.9506243E+03  0.7384831E+00  0.6974202E+00
     318  0.2747520E+08  0.8640000E+05  0.4622425E-17  0.9506243E+02  0.9506243E+03  0.7384831E+00  0.6974202E+00
     319  0.2756160E+08  0.8640000E+05  0.4757058E-17  0.9506243E+02  0.9506243E+03  0.7384831E+00  0.6974202E+00
     320  0.2764800E+08  0.8640000E+05  0.4442913E-17  0.9506243E+02  0.9506243E+03  0.7384831E+00  0.6974202E+00
     321  0.2773440E+08  0.8640000E+05  0.4981448E-17  0.9506243E+02  0.9506243E+03  0.7384831E+00  0.6974202E+00
     322  0.2782080E+08  0.8640000E+05  0.4757058E-17  0.9506243E+02  0.9506243E+03  0.7384831E+00  0.6974202E+00
     323  0.2790720E+08  0.8640000E+05  0.4420474E-17  0.9506243E+02  0.9506243E+03  0.7384831E+00  0.6974202E+00
     324  0.2799360E+08  0.8640000E+05  0.4420474E-17  0.9506243E+02  0.9506243E+03  0.7384831E+00  0.6974202E+00
     325  0.2808000E+08  0.8640000E+05  0.5026326E-17  0.9506243E+02  0.9506243E+03  0.7384831E+00  0.6974202E+00
     326  0.2816640E+08  0.8640000E+05  0.4622425E-17  0.9506243E+02  0.9506243E+03  0.7384831E+00  0.6974202E+00
     327  0.2825280E+08  0.8640000E+05  0.4622425E-17  0.9506243E+02  0.9506243E+03  0.7384831E+00  0.6974202E+00
     328  0.2833920E+08  0.8640000E+05  0.4420474E-17  0.9506243E+02  0.9506243E+03  0.7384831E+00  0.6974202E+00
     329  0.2842560E+08  0.8640000E+05  0.4779497E-17  0.9506243E+02  0.9506243E+03  0.7384831E+00  0.6974202E+00
     330  0.2851200E+08  0.8640000E+05  0.4308279E-17  0.9506243E+02  0.9506243E+03  0.7384831E+00  0.6974202E+00
     331  0.2859840E+08  0.8640000E+05  0.4599986E-17  0.9506243E+02  0.9506243E+03  0.7384831E+00  0.6974202E+00
     332  0.2868480E+08  0.8640000E+05  0.4779497E-17  0.9506243E+02  0.9506243E+03  0.7384831E+00  0.6974202E+00
     333  0.2877120E+08  0.8640000E+05  0.4218523E-17  0.9506243E+02  0.9506243E+03  0.7384831E+00  0.6974202E+00
     334  0.2885760E+08  0.8640000E+05  0.4622425E-17  0.9506243E+02  0.9506243E+03  0.7384831E+00  0.6974202E+00
     335  0.2894400E+08  0.8640000E+05  0.4622425E-17  0.9506243E+02  0.9506243E+03  0.7384831E+00  0.6974202E+00
     336  0.2903040E+08  0.8640000E+05  0.4420474E-17  0.9506243E+02  0.9506243E+03  0.7384831E+00  0.6974202E+00
     337  0.2911680E+08  0.8640000E+05  0.4622425E-17  0.9506243E+02  0.9506243E+03  0.7384831E+00  0.6974202E+00
     338  0.2920320E+08  0.8640000E+05  0.4622425E-17  0.9506243E+02  0.9506243E+03  0.7384831E+00  0.6974202E+00
     339  0.2928960E+08  0.8640000E+05  0.4420474E-17  0.9506243E+02  0.9506243E+03  0.7384831E+00  0.6974202E+00
     340  0.2937600E+08  0.8640000E+05  0.4420474E-17  0.9506243E+02  0.9506243E+03  0.7384831E+00  0.6974202E+00
     341  0.2946240E+08  0.8640000E+05  0.4622425E-17  0.9506243E+02  0.9506243E+03  0.7384831E+00  0.6974202E+00
     342  0.2954880E+08  0.8640000E+05  0.4757058E-17  0.9506243E+02  0.9506243E+03  0.7384831E+00  0.6974202E+00
     343  0.2963520E+08  0.8640000E+05  0.4330718E-17  0.9506243E+02  0.9506243E+03  0.7384831E+00  0.6974202E+00
     344  0.2972160E+08  0.8640000E+05  0.4712180E-17  0.9506243E+02  0.9506243E+03  0.7384831E+00  0.6974202E+00
     345  0.2980800E+08  0.8640000E+05  0.4667303E-17  0.9506243E+02  0.9506243E+03  0.7384831E+00  0.6974202E+00
     346  0.2989440E+08  0.8640000E+05  0.4622425E-17  0.9506243E+02  0.9506243E+03  0.7384831E+00  0.6974202E+00
     347  0.2998080E+08  0.8640000E+05  0.4308279E-17  0.9506243E+02  0.9506243E+03  0.7384831E+00  0.6974202E+00
     348  0.3006720E+08  0.8640000E+05  0.4218523E-17  0.9506243E+02  0.9506243E+03  0.7384831E+00  0.6974202E+00
     349  0.3015360E+08  0.8640000E+05  0.4757058E-17  0.9506243E+02  0.9506243E+03  0.7384831E+00  0.6974202E+00
     350  0.3024000E+08  0.8640000E+05  0.4420474E-17  0.9506243E+02  0.9506243E+03  0.7384831E+00  0.6974202E+00
     351  0.3032640E+08  0.8640000E+05  0.4779497E-17  0.9506243E+02  0.9506243E+03  0.7384831E+00  0.6974202E+00
     352  0.3041280E+08  0.8640000E+05  0.4442913E-17  0.9506243E+02  0.9506243E+03  0.7384831E+00  0.6974202E+00
     353  0.3049920E+08  0.8640000E+05  0.4779497E-17  0.9506243E+02  0.9506243E+03  0.7384831E+00  0.6974202E+00
     354  0.3058560E+08  0.8640000E+05  0.4218523E-17  0.9506243E+02  0.9506243E+03  0.7384831E+00  0.6974202E+00
     355  0.3067200E+08  0.8640000E+05  0.4667303E-17  0.9506243E+02  0.9506243E+03  0.7384831E+00  0.6974202E+00
     356  0.3075840E+08  0.8640000E+05  0.4173646E-17  0.9506243E+02  0.9506243E+03  0.7384831E+00  0.6974202E+00
     357  0.3084480E+08  0.8640000E+05  0.4622425E-17  0.9506243E+02  0.9506243E+03  0.7384831E+00  0.6974202E+00
     358  0.3093120E+08  0.8640000E+05  0.4442913E-17  0.9506243E+02  0.9506243E+03  0.7384831E+00  0.6974202E+00
     359  0.3101760E+08  0.8640000E+05  0.4622425E-17  0.9506243E+02  0.9506243E+03  0.7384831E+00  0.6974202E+00
     360  0.3110400E+08  0.8640000E+05  0.4622425E-17  0.9506243E+02  0.9506243E+03  0.7384831E+00  0.6974202E+00
