        1           8.64000000E+04   0.00000000E+00   0.00000000E+00   0.00000000E+00
       12           8.64000000E+04   0.00000000E+00   1.00000000E-01   0.00000000E+00
       23           8.64000000E+04   0.00000000E+00   2.00000000E-01  -1.85037171E-19
       34           8.64000000E+04   0.00000000E+00   3.00000000E-01   1.85037171E-19
       45           8.64000000E+04   0.00000000E+00   4.00000000E-01   3.70074342E-19
       56           8.64000000E+04   0.00000000E+00   5.00000000E-01   0.00000000E+00
       67           8.64000000E+04   0.00000000E+00   6.00000000E-01   1.85037171E-19
       78           8.64000000E+04   0.00000000E+00   7.00000000E-01  -1.85037171E-19
       89           8.64000000E+04   0.00000000E+00   8.00000000E-01  -3.70074342E-19
      100           8.64000000E+04   0.00000000E+00   9.00000000E-01   0.00000000E+00
      111           8.64000000E+04   0.00000000E+00   1.00000000E+00   0.00000000E+00
        2           8.64000000E+04   1.00000000E-01   0.00000000E+00   0.00000000E+00
       13           8.64000000E+04   1.00000000E-01   1.00000000E-01   4.62592927E-20
       24           8.64000000E+04   1.00000000E-01   2.00000000E-01  -8.78926561E-19
       35           8.64000000E+04   1.00000000E-01   3.00000000E-01   6.47630098E-19
       46           8.64000000E+04   1.00000000E-01   4.00000000E-01   7.86407976E-19
       57           8.64000000E+04   1.00000000E-01   5.00000000E-01  -7.86407976E-19
       68           8.64000000E+04   1.00000000E-01   6.00000000E-01   8.32667268E-19
       79           8.64000000E+04   1.00000000E-01   7.00000000E-01  -1.85037171E-19
       90           8.64000000E+04   1.00000000E-01   8.00000000E-01  -6.47630098E-19
      101           8.64000000E+04   1.00000000E-01   9.00000000E-01   3.70074342E-19
      112           8.64000000E+04   1.00000000E-01   1.00000000E+00   0.00000000E+00
        3           8.64000000E+04   2.00000000E-01   0.00000000E+00  -9.25185854E-20
       14           8.64000000E+04   2.00000000E-01   1.00000000E-01   1.24900090E-18
       25           8.64000000E+04   2.00000000E-01   2.00000000E-01   1.48029737E-18
       36           8.64000000E+04   2.00000000E-01   3.00000000E-01   7.40148683E-19
       47           8.64000000E+04   2.00000000E-01   4.00000000E-01   8.32667268E-19
       58           8.64000000E+04   2.00000000E-01   5.00000000E-01   4.62592927E-20
       69           8.64000000E+04   2.00000000E-01   6.00000000E-01  -3.23815049E-19
       80           8.64000000E+04   2.00000000E-01   7.00000000E-01   3.23815049E-19
       91           8.64000000E+04   2.00000000E-01   8.00000000E-01   3.70074342E-19
      102           8.64000000E+04   2.00000000E-01   9.00000000E-01   6.01370805E-19
      113           8.64000000E+04   2.00000000E-01   1.00000000E+00   1.29526020E-18
        4           8.64000000E+04   3.00000000E-01   0.00000000E+00   0.00000000E+00
       15           8.64000000E+04   3.00000000E-01   1.00000000E-01   1.98914959E-18
       26           8.64000000E+04   3.00000000E-01   2.00000000E-01   2.08166817E-18
       37           8.64000000E+04   3.00000000E-01   3.00000000E-01   1.29526020E-18
       48           8.64000000E+04   3.00000000E-01   4.00000000E-01   1.98914959E-18
       59           8.64000000E+04   3.00000000E-01   5.00000000E-01   6.93889390E-19
       70           8.64000000E+04   3.00000000E-01   6.00000000E-01  -6.01370805E-19
       81           8.64000000E+04   3.00000000E-01   7.00000000E-01  -1.11022302E-18
       92           8.64000000E+04   3.00000000E-01   8.00000000E-01   1.34151949E-18
      103           8.64000000E+04   3.00000000E-01   9.00000000E-01   1.61907524E-18
      114           8.64000000E+04   3.00000000E-01   1.00000000E+00  -1.20274161E-18
        5           8.64000000E+04   4.00000000E-01   0.00000000E+00   4.62592927E-19
       16           8.64000000E+04   4.00000000E-01   1.00000000E-01   4.62592927E-19
       27           8.64000000E+04   4.00000000E-01   2.00000000E-01   2.82181685E-18
       38           8.64000000E+04   4.00000000E-01   3.00000000E-01   2.72929827E-18
       49           8.64000000E+04   4.00000000E-01   4.00000000E-01   1.15648232E-18
       60           8.64000000E+04   4.00000000E-01   5.00000000E-01   4.62592927E-20
       71           8.64000000E+04   4.00000000E-01   6.00000000E-01   2.77555756E-19
       82           8.64000000E+04   4.00000000E-01   7.00000000E-01   7.40148683E-19
       93           8.64000000E+04   4.00000000E-01   8.00000000E-01   1.85037171E-19
      104           8.64000000E+04   4.00000000E-01   9.00000000E-01  -1.52655666E-18
      115           8.64000000E+04   4.00000000E-01   1.00000000E+00  -1.11022302E-18
        6           8.64000000E+04   5.00000000E-01   0.00000000E+00   9.25185854E-19
       17           8.64000000E+04   5.00000000E-01   1.00000000E-01   2.03540888E-18
       28           8.64000000E+04   5.00000000E-01   2.00000000E-01   3.51570624E-18
       39           8.64000000E+04   5.00000000E-01   3.00000000E-01   3.88578059E-18
       50           8.64000000E+04   5.00000000E-01   4.00000000E-01   2.12792746E-18
       61           8.64000000E+04   5.00000000E-01   5.00000000E-01   1.85037171E-19
       72           8.64000000E+04   5.00000000E-01   6.00000000E-01   6.47630098E-19
       83           8.64000000E+04   5.00000000E-01   7.00000000E-01   2.77555756E-19
       94           8.64000000E+04   5.00000000E-01   8.00000000E-01  -9.25185854E-20
      105           8.64000000E+04   5.00000000E-01   9.00000000E-01  -1.29526020E-18
      116           8.64000000E+04   5.00000000E-01   1.00000000E+00  -1.85037171E-19
        7           8.64000000E+04   6.00000000E-01   0.00000000E+00   9.25185854E-19
       18           8.64000000E+04   6.00000000E-01   1.00000000E-01   3.42318766E-18
       29           8.64000000E+04   6.00000000E-01   2.00000000E-01   3.79326200E-18
       40           8.64000000E+04   6.00000000E-01   3.00000000E-01   2.40548322E-18
       51           8.64000000E+04   6.00000000E-01   4.00000000E-01   1.38777878E-18
       62           8.64000000E+04   6.00000000E-01   5.00000000E-01  -2.77555756E-19
       73           8.64000000E+04   6.00000000E-01   6.00000000E-01   0.00000000E+00
       84           8.64000000E+04   6.00000000E-01   7.00000000E-01  -3.70074342E-19
       95           8.64000000E+04   6.00000000E-01   8.00000000E-01   0.00000000E+00
      106           8.64000000E+04   6.00000000E-01   9.00000000E-01  -1.11022302E-18
      117           8.64000000E+04   6.00000000E-01   1.00000000E+00  -3.14563190E-18
        8           8.64000000E+04   7.00000000E-01   0.00000000E+00   3.70074342E-19
       19           8.64000000E+04   7.00000000E-01   1.00000000E-01   3.70074342E-18
       30           8.64000000E+04   7.00000000E-01   2.00000000E-01   6.19874522E-18
       41           8.64000000E+04   7.00000000E-01   3.00000000E-01   2.22044605E-18
       52           8.64000000E+04   7.00000000E-01   4.00000000E-01   9.25185854E-20
       63           8.64000000E+04   7.00000000E-01   5.00000000E-01   9.25185854E-19
       74           8.64000000E+04   7.00000000E-01   6.00000000E-01  -2.77555756E-19
       85           8.64000000E+04   7.00000000E-01   7.00000000E-01  -9.25185854E-19
       96           8.64000000E+04   7.00000000E-01   8.00000000E-01  -4.62592927E-19
      107           8.64000000E+04   7.00000000E-01   9.00000000E-01  -8.32667268E-19
      118           8.64000000E+04   7.00000000E-01   1.00000000E+00   0.00000000E+00
        9           8.64000000E+04   8.00000000E-01   0.00000000E+00   2.77555756E-18
       20           8.64000000E+04   8.00000000E-01   1.00000000E-01   3.51570624E-18
       31           8.64000000E+04   8.00000000E-01   2.00000000E-01   3.70074342E-18
       42           8.64000000E+04   8.00000000E-01   3.00000000E-01   2.49800181E-18
       53           8.64000000E+04   8.00000000E-01   4.00000000E-01   9.25185854E-19
       64           8.64000000E+04   8.00000000E-01   5.00000000E-01   0.00000000E+00
       75           8.64000000E+04   8.00000000E-01   6.00000000E-01   1.11022302E-18
       86           8.64000000E+04   8.00000000E-01   7.00000000E-01  -1.85037171E-19
       97           8.64000000E+04   8.00000000E-01   8.00000000E-01  -1.01770444E-18
      108           8.64000000E+04   8.00000000E-01   9.00000000E-01  -1.29526020E-18
      119           8.64000000E+04   8.00000000E-01   1.00000000E+00  -3.88578059E-18
       10           8.64000000E+04   9.00000000E-01   0.00000000E+00  -2.03540888E-18
       21           8.64000000E+04   9.00000000E-01   1.00000000E-01   1.29526020E-18
       32           8.64000000E+04   9.00000000E-01   2.00000000E-01   3.70074342E-18
       43           8.64000000E+04   9.00000000E-01   3.00000000E-01   3.23815049E-18
       54           8.64000000E+04   9.00000000E-01   4.00000000E-01   3.70074342E-19
       65           8.64000000E+04   9.00000000E-01   5.00000000E-01  -7.40148683E-19
       76           8.64000000E+04   9.00000000E-01   6.00000000E-01   8.32667268E-19
       87           8.64000000E+04   9.00000000E-01   7.00000000E-01  -2.77555756E-19
       98           8.64000000E+04   9.00000000E-01   8.00000000E-01  -2.03540888E-18
      109           8.64000000E+04   9.00000000E-01   9.00000000E-01  -2.40548322E-18
      120           8.64000000E+04   9.00000000E-01   1.00000000E+00  -1.66533454E-18
       11           8.64000000E+04   1.00000000E+00   0.00000000E+00   2.59052039E-18
       22           8.64000000E+04   1.00000000E+00   1.00000000E-01   1.29526020E-18
       33           8.64000000E+04   1.00000000E+00   2.00000000E-01   1.85037171E-18
       44           8.64000000E+04   1.00000000E+00   3.00000000E-01   3.88578059E-18
       55           8.64000000E+04   1.00000000E+00   4.00000000E-01   1.85037171E-19
       66           8.64000000E+04   1.00000000E+00   5.00000000E-01  -1.66533454E-18
       77           8.64000000E+04   1.00000000E+00   6.00000000E-01   2.40548322E-18
       88           8.64000000E+04   1.00000000E+00   7.00000000E-01   3.70074342E-19
       99           8.64000000E+04   1.00000000E+00   8.00000000E-01  -3.33066907E-18
      110           8.64000000E+04   1.00000000E+00   9.00000000E-01  -1.66533454E-18
      121           8.64000000E+04   1.00000000E+00   1.00000000E+00  -1.11022302E-18
