       2  0.1728000E+06  0.8640000E+05  0.2222996E-03  0.6430184E+02  0.6430184E+03  0.4995225E+00  0.4717468E+00
  
  
  
  
  
  
  
  
  
  
  
  
  
  
  
  
  
  
  
  
  
  
  
  
  
  
  
  
  
  
  
  
  
  
  
  
  
  
  
  
  
  
  
  
  
  
  
  
  
  
  
  
  
       3  0.2592000E+06  0.8640000E+05  0.1028215E-03  0.7834707E+02  0.7834707E+03  0.6086314E+00  0.5747889E+00
       4  0.3456000E+06  0.8640000E+05  0.5453644E-04  0.8514493E+02  0.8514493E+03  0.6614400E+00  0.6246610E+00
  
  
  
  
  
  
  
  
  
  
  
  
  
  
  
  
  
  
  
  
  
  
  
  
  
  
  
  
  
  
  
  
  
  
  
  
  
  
  
  
  
  
  
  
  
  
  
  
  
  
  
  
  
       5  0.4320000E+06  0.8640000E+05  0.3173626E-04  0.8887191E+02  0.8887191E+03  0.6903927E+00  0.6520038E+00
       6  0.5184000E+06  0.8640000E+05  0.1971514E-04  0.9109461E+02  0.9109461E+03  0.7076595E+00  0.6683105E+00
       7  0.6048000E+06  0.8640000E+05  0.1283265E-04  0.9250068E+02  0.9250068E+03  0.7185824E+00  0.6786260E+00
       8  0.6912000E+06  0.8640000E+05  0.8639331E-05  0.9342826E+02  0.9342826E+03  0.7257882E+00  0.6854312E+00
  
  
  
  
  
  
  
  
  
  
  
  
  
  
  
  
  
  
  
  
  
  
  
  
  
  
  
  
  
  
  
  
  
  
  
  
  
  
  
  
  
  
  
  
  
  
  
  
  
  
  
  
  
       9  0.7776000E+06  0.8640000E+05  0.5961083E-05  0.9405900E+02  0.9405900E+03  0.7306881E+00  0.6900586E+00
      10  0.8640000E+06  0.8640000E+05  0.4188067E-05  0.9449745E+02  0.9449745E+03  0.7340941E+00  0.6932752E+00
      11  0.9504000E+06  0.8640000E+05  0.2981868E-05  0.9480719E+02  0.9480719E+03  0.7365003E+00  0.6955476E+00
      12  0.1036800E+07  0.8640000E+05  0.2144096E-05  0.9502863E+02  0.9502863E+03  0.7382205E+00  0.6971722E+00
  
  
  
  
  
  
  
  
  
  
  
  
  
  
  
  
  
  
  
  
  
  
  
  
  
  
  
  
  
  
  
  
  
  
  
  
  
  
  
  
  
  
  
  
  
  
  
  
  
  
  
  
  
      13  0.1123200E+07  0.8640000E+05  0.1553002E-05  0.9518834E+02  0.9518834E+03  0.7394612E+00  0.6983439E+00
      14  0.1209600E+07  0.8640000E+05  0.1130971E-05  0.9530429E+02  0.9530429E+03  0.7403620E+00  0.6991946E+00
      15  0.1296000E+07  0.8640000E+05  0.8269425E-06  0.9538887E+02  0.9538887E+03  0.7410190E+00  0.6998151E+00
      16  0.1382400E+07  0.8640000E+05  0.6064460E-06  0.9545080E+02  0.9545080E+03  0.7415001E+00  0.7002694E+00
      17  0.1468800E+07  0.8640000E+05  0.4457254E-06  0.9549625E+02  0.9549625E+03  0.7418532E+00  0.7006029E+00
      18  0.1555200E+07  0.8640000E+05  0.3281352E-06  0.9552968E+02  0.9552968E+03  0.7421129E+00  0.7008481E+00
      19  0.1641600E+07  0.8640000E+05  0.2418601E-06  0.9555430E+02  0.9555430E+03  0.7423042E+00  0.7010288E+00
      20  0.1728000E+07  0.8640000E+05  0.1784289E-06  0.9557246E+02  0.9557246E+03  0.7424452E+00  0.7011620E+00
      21  0.1814400E+07  0.8640000E+05  0.1317208E-06  0.9558586E+02  0.9558586E+03  0.7425493E+00  0.7012603E+00
      22  0.1900800E+07  0.8640000E+05  0.9728749E-07  0.9559575E+02  0.9559575E+03  0.7426262E+00  0.7013329E+00
      23  0.1987200E+07  0.8640000E+05  0.7188156E-07  0.9560306E+02  0.9560306E+03  0.7426829E+00  0.7013865E+00
      24  0.2073600E+07  0.8640000E+05  0.5312451E-07  0.9560846E+02  0.9560846E+03  0.7427249E+00  0.7014261E+00
      25  0.2160000E+07  0.8640000E+05  0.3926980E-07  0.9561245E+02  0.9561245E+03  0.7427559E+00  0.7014554E+00
      26  0.2246400E+07  0.8640000E+05  0.2903263E-07  0.9561540E+02  0.9561540E+03  0.7427788E+00  0.7014770E+00
      27  0.2332800E+07  0.8640000E+05  0.2146651E-07  0.9561758E+02  0.9561758E+03  0.7427958E+00  0.7014930E+00
      28  0.2419200E+07  0.8640000E+05  0.1587372E-07  0.9561920E+02  0.9561920E+03  0.7428083E+00  0.7015049E+00
      29  0.2505600E+07  0.8640000E+05  0.1173876E-07  0.9562039E+02  0.9562039E+03  0.7428176E+00  0.7015136E+00
      30  0.2592000E+07  0.8640000E+05  0.8660364E-08  0.9562127E+02  0.9562127E+03  0.7428244E+00  0.7015201E+00
      31  0.2678400E+07  0.8640000E+05  0.6389138E-08  0.9562192E+02  0.9562192E+03  0.7428295E+00  0.7015249E+00
      32  0.2764800E+07  0.8640000E+05  0.4713648E-08  0.9562240E+02  0.9562240E+03  0.7428332E+00  0.7015284E+00
      33  0.2851200E+07  0.8640000E+05  0.3477612E-08  0.9562275E+02  0.9562275E+03  0.7428359E+00  0.7015310E+00
      34  0.2937600E+07  0.8640000E+05  0.2565739E-08  0.9562302E+02  0.9562302E+03  0.7428380E+00  0.7015329E+00
      35  0.3024000E+07  0.8640000E+05  0.1892995E-08  0.9562321E+02  0.9562321E+03  0.7428394E+00  0.7015343E+00
      36  0.3110400E+07  0.8640000E+05  0.1396661E-08  0.9562335E+02  0.9562335E+03  0.7428406E+00  0.7015353E+00
      37  0.3196800E+07  0.8640000E+05  0.1030470E-08  0.9562346E+02  0.9562346E+03  0.7428414E+00  0.7015361E+00
      38  0.3283200E+07  0.8640000E+05  0.7602949E-09  0.9562353E+02  0.9562353E+03  0.7428420E+00  0.7015367E+00
      39  0.3369600E+07  0.8640000E+05  0.5609583E-09  0.9562359E+02  0.9562359E+03  0.7428424E+00  0.7015371E+00
      40  0.3456000E+07  0.8640000E+05  0.4138856E-09  0.9562363E+02  0.9562363E+03  0.7428427E+00  0.7015374E+00
      41  0.3542400E+07  0.8640000E+05  0.3053733E-09  0.9562366E+02  0.9562366E+03  0.7428430E+00  0.7015376E+00
      42  0.3628800E+07  0.8640000E+05  0.2253110E-09  0.9562369E+02  0.9562369E+03  0.7428432E+00  0.7015378E+00
      43  0.3715200E+07  0.8640000E+05  0.1662395E-09  0.9562370E+02  0.9562370E+03  0.7428433E+00  0.7015379E+00
      44  0.3801600E+07  0.8640000E+05  0.1226554E-09  0.9562372E+02  0.9562372E+03  0.7428434E+00  0.7015380E+00
      45  0.3888000E+07  0.8640000E+05  0.9049805E-10  0.9562372E+02  0.9562372E+03  0.7428435E+00  0.7015381E+00
      46  0.3974400E+07  0.8640000E+05  0.6677163E-10  0.9562373E+02  0.9562373E+03  0.7428435E+00  0.7015381E+00
      47  0.4060800E+07  0.8640000E+05  0.4926573E-10  0.9562374E+02  0.9562374E+03  0.7428436E+00  0.7015382E+00
      48  0.4147200E+07  0.8640000E+05  0.3634946E-10  0.9562374E+02  0.9562374E+03  0.7428436E+00  0.7015382E+00
      49  0.4233600E+07  0.8640000E+05  0.2681952E-10  0.9562374E+02  0.9562374E+03  0.7428436E+00  0.7015382E+00
      50  0.4320000E+07  0.8640000E+05  0.1978811E-10  0.9562374E+02  0.9562374E+03  0.7428436E+00  0.7015382E+00
      51  0.4406400E+07  0.8640000E+05  0.1460015E-10  0.9562375E+02  0.9562375E+03  0.7428436E+00  0.7015382E+00
      52  0.4492800E+07  0.8640000E+05  0.1077235E-10  0.9562375E+02  0.9562375E+03  0.7428436E+00  0.7015383E+00
      53  0.4579200E+07  0.8640000E+05  0.7948111E-11  0.9562375E+02  0.9562375E+03  0.7428436E+00  0.7015383E+00
      54  0.4665600E+07  0.8640000E+05  0.5864314E-11  0.9562375E+02  0.9562375E+03  0.7428436E+00  0.7015383E+00
      55  0.4752000E+07  0.8640000E+05  0.4326837E-11  0.9562375E+02  0.9562375E+03  0.7428437E+00  0.7015383E+00
      56  0.4838400E+07  0.8640000E+05  0.3192448E-11  0.9562375E+02  0.9562375E+03  0.7428437E+00  0.7015383E+00
      57  0.4924800E+07  0.8640000E+05  0.2355468E-11  0.9562375E+02  0.9562375E+03  0.7428437E+00  0.7015383E+00
      58  0.5011200E+07  0.8640000E+05  0.1737923E-11  0.9562375E+02  0.9562375E+03  0.7428437E+00  0.7015383E+00
      59  0.5097600E+07  0.8640000E+05  0.1282283E-11  0.9562375E+02  0.9562375E+03  0.7428437E+00  0.7015383E+00
      60  0.5184000E+07  0.8640000E+05  0.9460992E-12  0.9562375E+02  0.9562375E+03  0.7428437E+00  0.7015383E+00
      61  0.5270400E+07  0.8640000E+05  0.6980558E-12  0.9562375E+02  0.9562375E+03  0.7428437E+00  0.7015383E+00
      62  0.5356800E+07  0.8640000E+05  0.5150426E-12  0.9562375E+02  0.9562375E+03  0.7428437E+00  0.7015383E+00
      63  0.5443200E+07  0.8640000E+05  0.3800117E-12  0.9562375E+02  0.9562375E+03  0.7428437E+00  0.7015383E+00
      64  0.5529600E+07  0.8640000E+05  0.2803810E-12  0.9562375E+02  0.9562375E+03  0.7428437E+00  0.7015383E+00
      65  0.5616000E+07  0.8640000E+05  0.2068719E-12  0.9562375E+02  0.9562375E+03  0.7428437E+00  0.7015383E+00
      66  0.5702400E+07  0.8640000E+05  0.1526347E-12  0.9562375E+02  0.9562375E+03  0.7428437E+00  0.7015383E+00
      67  0.5788800E+07  0.8640000E+05  0.1126181E-12  0.9562375E+02  0.9562375E+03  0.7428437E+00  0.7015383E+00
      68  0.5875200E+07  0.8640000E+05  0.8309241E-13  0.9562375E+02  0.9562375E+03  0.7428437E+00  0.7015383E+00
      69  0.5961600E+07  0.8640000E+05  0.6130693E-13  0.9562375E+02  0.9562375E+03  0.7428437E+00  0.7015383E+00
      70  0.6048000E+07  0.8640000E+05  0.4523393E-13  0.9562375E+02  0.9562375E+03  0.7428437E+00  0.7015383E+00
      71  0.6134400E+07  0.8640000E+05  0.3337413E-13  0.9562375E+02  0.9562375E+03  0.7428437E+00  0.7015383E+00
      72  0.6220800E+07  0.8640000E+05  0.2462408E-13  0.9562375E+02  0.9562375E+03  0.7428437E+00  0.7015383E+00
      73  0.6307200E+07  0.8640000E+05  0.1816855E-13  0.9562375E+02  0.9562375E+03  0.7428437E+00  0.7015383E+00
      74  0.6393600E+07  0.8640000E+05  0.1340505E-13  0.9562375E+02  0.9562375E+03  0.7428437E+00  0.7015383E+00
      75  0.6480000E+07  0.8640000E+05  0.9890530E-14  0.9562375E+02  0.9562375E+03  0.7428437E+00  0.7015383E+00
      76  0.6566400E+07  0.8640000E+05  0.7297619E-14  0.9562375E+02  0.9562375E+03  0.7428437E+00  0.7015383E+00
      77  0.6652800E+07  0.8640000E+05  0.5384496E-14  0.9562375E+02  0.9562375E+03  0.7428437E+00  0.7015383E+00
      78  0.6739200E+07  0.8640000E+05  0.3973625E-14  0.9562375E+02  0.9562375E+03  0.7428437E+00  0.7015383E+00
      79  0.6825600E+07  0.8640000E+05  0.2932053E-14  0.9562375E+02  0.9562375E+03  0.7428437E+00  0.7015383E+00
      80  0.6912000E+07  0.8640000E+05  0.2163429E-14  0.9562375E+02  0.9562375E+03  0.7428437E+00  0.7015383E+00
      81  0.6998400E+07  0.8640000E+05  0.1596576E-14  0.9562375E+02  0.9562375E+03  0.7428437E+00  0.7015383E+00
      82  0.7084800E+07  0.8640000E+05  0.1178516E-14  0.9562375E+02  0.9562375E+03  0.7428437E+00  0.7015383E+00
      83  0.7171200E+07  0.8640000E+05  0.8698910E-15  0.9562375E+02  0.9562375E+03  0.7428437E+00  0.7015383E+00
      84  0.7257600E+07  0.8640000E+05  0.6428312E-15  0.9562375E+02  0.9562375E+03  0.7428437E+00  0.7015383E+00
      85  0.7344000E+07  0.8640000E+05  0.4745390E-15  0.9562375E+02  0.9562375E+03  0.7428437E+00  0.7015383E+00
      86  0.7430400E+07  0.8640000E+05  0.3502496E-15  0.9562375E+02  0.9562375E+03  0.7428437E+00  0.7015383E+00
      87  0.7516800E+07  0.8640000E+05  0.2587660E-15  0.9562375E+02  0.9562375E+03  0.7428437E+00  0.7015383E+00
      88  0.7603200E+07  0.8640000E+05  0.1925262E-15  0.9562375E+02  0.9562375E+03  0.7428437E+00  0.7015383E+00
      89  0.7689600E+07  0.8640000E+05  0.1434747E-15  0.9562375E+02  0.9562375E+03  0.7428437E+00  0.7015383E+00
      90  0.7776000E+07  0.8640000E+05  0.1068543E-15  0.9562375E+02  0.9562375E+03  0.7428437E+00  0.7015383E+00
      91  0.7862400E+07  0.8640000E+05  0.8021926E-16  0.9562375E+02  0.9562375E+03  0.7428437E+00  0.7015383E+00
      92  0.7948800E+07  0.8640000E+05  0.6051786E-16  0.9562375E+02  0.9562375E+03  0.7428437E+00  0.7015383E+00
      93  0.8035200E+07  0.8640000E+05  0.4539401E-16  0.9562375E+02  0.9562375E+03  0.7428437E+00  0.7015383E+00
      94  0.8121600E+07  0.8640000E+05  0.3457843E-16  0.9562375E+02  0.9562375E+03  0.7428437E+00  0.7015383E+00
      95  0.8208000E+07  0.8640000E+05  0.2661260E-16  0.9562375E+02  0.9562375E+03  0.7428437E+00  0.7015383E+00
      96  0.8294400E+07  0.8640000E+05  0.2059896E-16  0.9562375E+02  0.9562375E+03  0.7428437E+00  0.7015383E+00
      97  0.8380800E+07  0.8640000E+05  0.1635800E-16  0.9562375E+02  0.9562375E+03  0.7428437E+00  0.7015383E+00
      98  0.8467200E+07  0.8640000E+05  0.1308191E-16  0.9562375E+02  0.9562375E+03  0.7428437E+00  0.7015383E+00
      99  0.8553600E+07  0.8640000E+05  0.1101753E-16  0.9562375E+02  0.9562375E+03  0.7428437E+00  0.7015383E+00
     100  0.8640000E+07  0.8640000E+05  0.9760945E-17  0.9562375E+02  0.9562375E+03  0.7428437E+00  0.7015383E+00
     101  0.8726400E+07  0.8640000E+05  0.7831195E-17  0.9562375E+02  0.9562375E+03  0.7428437E+00  0.7015383E+00
     102  0.8812800E+07  0.8640000E+05  0.7561928E-17  0.9562375E+02  0.9562375E+03  0.7428437E+00  0.7015383E+00
     103  0.8899200E+07  0.8640000E+05  0.6686808E-17  0.9562375E+02  0.9562375E+03  0.7428437E+00  0.7015383E+00
     104  0.8985600E+07  0.8640000E+05  0.6574614E-17  0.9562375E+02  0.9562375E+03  0.7428437E+00  0.7015383E+00
     105  0.9072000E+07  0.8640000E+05  0.6215590E-17  0.9562375E+02  0.9562375E+03  0.7428437E+00  0.7015383E+00
     106  0.9158400E+07  0.8640000E+05  0.5519983E-17  0.9562375E+02  0.9562375E+03  0.7428437E+00  0.7015383E+00
     107  0.9244800E+07  0.8640000E+05  0.5160960E-17  0.9562375E+02  0.9562375E+03  0.7428437E+00  0.7015383E+00
     108  0.9331200E+07  0.8640000E+05  0.5026326E-17  0.9562375E+02  0.9562375E+03  0.7428437E+00  0.7015383E+00
     109  0.9417600E+07  0.8640000E+05  0.4779497E-17  0.9562375E+02  0.9562375E+03  0.7428437E+00  0.7015383E+00
     110  0.9504000E+07  0.8640000E+05  0.4622425E-17  0.9562375E+02  0.9562375E+03  0.7428437E+00  0.7015383E+00
     111  0.9590400E+07  0.8640000E+05  0.5026326E-17  0.9562375E+02  0.9562375E+03  0.7428437E+00  0.7015383E+00
     112  0.9676800E+07  0.8640000E+05  0.4869253E-17  0.9562375E+02  0.9562375E+03  0.7428437E+00  0.7015383E+00
     113  0.9763200E+07  0.8640000E+05  0.4757058E-17  0.9562375E+02  0.9562375E+03  0.7428437E+00  0.7015383E+00
     114  0.9849600E+07  0.8640000E+05  0.4420474E-17  0.9562375E+02  0.9562375E+03  0.7428437E+00  0.7015383E+00
     115  0.9936000E+07  0.8640000E+05  0.4779497E-17  0.9562375E+02  0.9562375E+03  0.7428437E+00  0.7015383E+00
     116  0.1002240E+08  0.8640000E+05  0.4308279E-17  0.9562375E+02  0.9562375E+03  0.7428437E+00  0.7015383E+00
     117  0.1010880E+08  0.8640000E+05  0.4757058E-17  0.9562375E+02  0.9562375E+03  0.7428437E+00  0.7015383E+00
     118  0.1019520E+08  0.8640000E+05  0.4218523E-17  0.9562375E+02  0.9562375E+03  0.7428437E+00  0.7015383E+00
     119  0.1028160E+08  0.8640000E+05  0.4779497E-17  0.9562375E+02  0.9562375E+03  0.7428437E+00  0.7015383E+00
     120  0.1036800E+08  0.8640000E+05  0.4218523E-17  0.9562375E+02  0.9562375E+03  0.7428437E+00  0.7015383E+00
     121  0.1045440E+08  0.8640000E+05  0.4891692E-17  0.9562375E+02  0.9562375E+03  0.7428437E+00  0.7015383E+00
     122  0.1054080E+08  0.8640000E+05  0.4218523E-17  0.9562375E+02  0.9562375E+03  0.7428437E+00  0.7015383E+00
     123  0.1062720E+08  0.8640000E+05  0.4308279E-17  0.9562375E+02  0.9562375E+03  0.7428437E+00  0.7015383E+00
     124  0.1071360E+08  0.8640000E+05  0.4599986E-17  0.9562375E+02  0.9562375E+03  0.7428437E+00  0.7015383E+00
     125  0.1080000E+08  0.8640000E+05  0.4757058E-17  0.9562375E+02  0.9562375E+03  0.7428437E+00  0.7015383E+00
     126  0.1088640E+08  0.8640000E+05  0.4308279E-17  0.9562375E+02  0.9562375E+03  0.7428437E+00  0.7015383E+00
     127  0.1097280E+08  0.8640000E+05  0.4757058E-17  0.9562375E+02  0.9562375E+03  0.7428437E+00  0.7015383E+00
     128  0.1105920E+08  0.8640000E+05  0.4622425E-17  0.9562375E+02  0.9562375E+03  0.7428437E+00  0.7015383E+00
     129  0.1114560E+08  0.8640000E+05  0.4218523E-17  0.9562375E+02  0.9562375E+03  0.7428437E+00  0.7015383E+00
     130  0.1123200E+08  0.8640000E+05  0.4061451E-17  0.9562375E+02  0.9562375E+03  0.7428437E+00  0.7015383E+00
     131  0.1131840E+08  0.8640000E+05  0.4173646E-17  0.9562375E+02  0.9562375E+03  0.7428437E+00  0.7015383E+00
     132  0.1140480E+08  0.8640000E+05  0.4757058E-17  0.9562375E+02  0.9562375E+03  0.7428437E+00  0.7015383E+00
     133  0.1149120E+08  0.8640000E+05  0.4061451E-17  0.9562375E+02  0.9562375E+03  0.7428437E+00  0.7015383E+00
     134  0.1157760E+08  0.8640000E+05  0.3904378E-17  0.9562375E+02  0.9562375E+03  0.7428437E+00  0.7015383E+00
     135  0.1166400E+08  0.8640000E+05  0.4353157E-17  0.9562375E+02  0.9562375E+03  0.7428437E+00  0.7015383E+00
     136  0.1175040E+08  0.8640000E+05  0.4779497E-17  0.9562375E+02  0.9562375E+03  0.7428437E+00  0.7015383E+00
     137  0.1183680E+08  0.8640000E+05  0.4308279E-17  0.9562375E+02  0.9562375E+03  0.7428437E+00  0.7015383E+00
     138  0.1192320E+08  0.8640000E+05  0.4757058E-17  0.9562375E+02  0.9562375E+03  0.7428437E+00  0.7015383E+00
     139  0.1200960E+08  0.8640000E+05  0.4218523E-17  0.9562375E+02  0.9562375E+03  0.7428437E+00  0.7015383E+00
     140  0.1209600E+08  0.8640000E+05  0.4667303E-17  0.9562375E+02  0.9562375E+03  0.7428437E+00  0.7015383E+00
     141  0.1218240E+08  0.8640000E+05  0.4330718E-17  0.9562375E+02  0.9562375E+03  0.7428437E+00  0.7015383E+00
     142  0.1226880E+08  0.8640000E+05  0.4622425E-17  0.9562375E+02  0.9562375E+03  0.7428437E+00  0.7015383E+00
     143  0.1235520E+08  0.8640000E+05  0.4779497E-17  0.9562375E+02  0.9562375E+03  0.7428437E+00  0.7015383E+00
     144  0.1244160E+08  0.8640000E+05  0.4757058E-17  0.9562375E+02  0.9562375E+03  0.7428437E+00  0.7015383E+00
     145  0.1252800E+08  0.8640000E+05  0.4308279E-17  0.9562375E+02  0.9562375E+03  0.7428437E+00  0.7015383E+00
     146  0.1261440E+08  0.8640000E+05  0.4420474E-17  0.9562375E+02  0.9562375E+03  0.7428437E+00  0.7015383E+00
     147  0.1270080E+08  0.8640000E+05  0.4420474E-17  0.9562375E+02  0.9562375E+03  0.7428437E+00  0.7015383E+00
     148  0.1278720E+08  0.8640000E+05  0.4420474E-17  0.9562375E+02  0.9562375E+03  0.7428437E+00  0.7015383E+00
     149  0.1287360E+08  0.8640000E+05  0.4420474E-17  0.9562375E+02  0.9562375E+03  0.7428437E+00  0.7015383E+00
     150  0.1296000E+08  0.8640000E+05  0.4846814E-17  0.9562375E+02  0.9562375E+03  0.7428437E+00  0.7015383E+00
     151  0.1304640E+08  0.8640000E+05  0.4061451E-17  0.9562375E+02  0.9562375E+03  0.7428437E+00  0.7015383E+00
     152  0.1313280E+08  0.8640000E+05  0.4622425E-17  0.9562375E+02  0.9562375E+03  0.7428437E+00  0.7015383E+00
     153  0.1321920E+08  0.8640000E+05  0.4173646E-17  0.9562375E+02  0.9562375E+03  0.7428437E+00  0.7015383E+00
     154  0.1330560E+08  0.8640000E+05  0.4622425E-17  0.9562375E+02  0.9562375E+03  0.7428437E+00  0.7015383E+00
     155  0.1339200E+08  0.8640000E+05  0.4846814E-17  0.9562375E+02  0.9562375E+03  0.7428437E+00  0.7015383E+00
     156  0.1347840E+08  0.8640000E+05  0.4420474E-17  0.9562375E+02  0.9562375E+03  0.7428437E+00  0.7015383E+00
     157  0.1356480E+08  0.8640000E+05  0.4869253E-17  0.9562375E+02  0.9562375E+03  0.7428437E+00  0.7015383E+00
     158  0.1365120E+08  0.8640000E+05  0.4622425E-17  0.9562375E+02  0.9562375E+03  0.7428437E+00  0.7015383E+00
     159  0.1373760E+08  0.8640000E+05  0.4869253E-17  0.9562375E+02  0.9562375E+03  0.7428437E+00  0.7015383E+00
     160  0.1382400E+08  0.8640000E+05  0.4757058E-17  0.9562375E+02  0.9562375E+03  0.7428437E+00  0.7015383E+00
     161  0.1391040E+08  0.8640000E+05  0.3949256E-17  0.9562375E+02  0.9562375E+03  0.7428437E+00  0.7015383E+00
     162  0.1399680E+08  0.8640000E+05  0.4622425E-17  0.9562375E+02  0.9562375E+03  0.7428437E+00  0.7015383E+00
     163  0.1408320E+08  0.8640000E+05  0.4622425E-17  0.9562375E+02  0.9562375E+03  0.7428437E+00  0.7015383E+00
     164  0.1416960E+08  0.8640000E+05  0.4869253E-17  0.9562375E+02  0.9562375E+03  0.7428437E+00  0.7015383E+00
     165  0.1425600E+08  0.8640000E+05  0.4308279E-17  0.9562375E+02  0.9562375E+03  0.7428437E+00  0.7015383E+00
     166  0.1434240E+08  0.8640000E+05  0.4442913E-17  0.9562375E+02  0.9562375E+03  0.7428437E+00  0.7015383E+00
     167  0.1442880E+08  0.8640000E+05  0.4667303E-17  0.9562375E+02  0.9562375E+03  0.7428437E+00  0.7015383E+00
     168  0.1451520E+08  0.8640000E+05  0.4869253E-17  0.9562375E+02  0.9562375E+03  0.7428437E+00  0.7015383E+00
     169  0.1460160E+08  0.8640000E+05  0.4420474E-17  0.9562375E+02  0.9562375E+03  0.7428437E+00  0.7015383E+00
     170  0.1468800E+08  0.8640000E+05  0.4667303E-17  0.9562375E+02  0.9562375E+03  0.7428437E+00  0.7015383E+00
     171  0.1477440E+08  0.8640000E+05  0.4622425E-17  0.9562375E+02  0.9562375E+03  0.7428437E+00  0.7015383E+00
     172  0.1486080E+08  0.8640000E+05  0.4712180E-17  0.9562375E+02  0.9562375E+03  0.7428437E+00  0.7015383E+00
     173  0.1494720E+08  0.8640000E+05  0.4981448E-17  0.9562375E+02  0.9562375E+03  0.7428437E+00  0.7015383E+00
     174  0.1503360E+08  0.8640000E+05  0.4442913E-17  0.9562375E+02  0.9562375E+03  0.7428437E+00  0.7015383E+00
     175  0.1512000E+08  0.8640000E+05  0.4757058E-17  0.9562375E+02  0.9562375E+03  0.7428437E+00  0.7015383E+00
     176  0.1520640E+08  0.8640000E+05  0.4173646E-17  0.9562375E+02  0.9562375E+03  0.7428437E+00  0.7015383E+00
     177  0.1529280E+08  0.8640000E+05  0.4779497E-17  0.9562375E+02  0.9562375E+03  0.7428437E+00  0.7015383E+00
     178  0.1537920E+08  0.8640000E+05  0.4712180E-17  0.9562375E+02  0.9562375E+03  0.7428437E+00  0.7015383E+00
     179  0.1546560E+08  0.8640000E+05  0.4869253E-17  0.9562375E+02  0.9562375E+03  0.7428437E+00  0.7015383E+00
     180  0.1555200E+08  0.8640000E+05  0.4622425E-17  0.9562375E+02  0.9562375E+03  0.7428437E+00  0.7015383E+00
     181  0.1563840E+08  0.8640000E+05  0.4420474E-17  0.9562375E+02  0.9562375E+03  0.7428437E+00  0.7015383E+00
     182  0.1572480E+08  0.8640000E+05  0.4420474E-17  0.9562375E+02  0.9562375E+03  0.7428437E+00  0.7015383E+00
     183  0.1581120E+08  0.8640000E+05  0.4442913E-17  0.9562375E+02  0.9562375E+03  0.7428437E+00  0.7015383E+00
     184  0.1589760E+08  0.8640000E+05  0.4869253E-17  0.9562375E+02  0.9562375E+03  0.7428437E+00  0.7015383E+00
     185  0.1598400E+08  0.8640000E+05  0.4442913E-17  0.9562375E+02  0.9562375E+03  0.7428437E+00  0.7015383E+00
     186  0.1607040E+08  0.8640000E+05  0.4308279E-17  0.9562375E+02  0.9562375E+03  0.7428437E+00  0.7015383E+00
     187  0.1615680E+08  0.8640000E+05  0.4622425E-17  0.9562375E+02  0.9562375E+03  0.7428437E+00  0.7015383E+00
     188  0.1624320E+08  0.8640000E+05  0.4622425E-17  0.9562375E+02  0.9562375E+03  0.7428437E+00  0.7015383E+00
     189  0.1632960E+08  0.8640000E+05  0.4622425E-17  0.9562375E+02  0.9562375E+03  0.7428437E+00  0.7015383E+00
     190  0.1641600E+08  0.8640000E+05  0.4420474E-17  0.9562375E+02  0.9562375E+03  0.7428437E+00  0.7015383E+00
     191  0.1650240E+08  0.8640000E+05  0.4667303E-17  0.9562375E+02  0.9562375E+03  0.7428437E+00  0.7015383E+00
     192  0.1658880E+08  0.8640000E+05  0.4173646E-17  0.9562375E+02  0.9562375E+03  0.7428437E+00  0.7015383E+00
     193  0.1667520E+08  0.8640000E+05  0.4959009E-17  0.9562375E+02  0.9562375E+03  0.7428437E+00  0.7015383E+00
     194  0.1676160E+08  0.8640000E+05  0.4420474E-17  0.9562375E+02  0.9562375E+03  0.7428437E+00  0.7015383E+00
     195  0.1684800E+08  0.8640000E+05  0.4622425E-17  0.9562375E+02  0.9562375E+03  0.7428437E+00  0.7015383E+00
     196  0.1693440E+08  0.8640000E+05  0.4330718E-17  0.9562375E+02  0.9562375E+03  0.7428437E+00  0.7015383E+00
     197  0.1702080E+08  0.8640000E+05  0.4981448E-17  0.9562375E+02  0.9562375E+03  0.7428437E+00  0.7015383E+00
     198  0.1710720E+08  0.8640000E+05  0.4330718E-17  0.9562375E+02  0.9562375E+03  0.7428437E+00  0.7015383E+00
     199  0.1719360E+08  0.8640000E+05  0.4712180E-17  0.9562375E+02  0.9562375E+03  0.7428437E+00  0.7015383E+00
     200  0.1728000E+08  0.8640000E+05  0.4442913E-17  0.9562375E+02  0.9562375E+03  0.7428437E+00  0.7015383E+00
     201  0.1736640E+08  0.8640000E+05  0.4712180E-17  0.9562375E+02  0.9562375E+03  0.7428437E+00  0.7015383E+00
     202  0.1745280E+08  0.8640000E+05  0.4757058E-17  0.9562375E+02  0.9562375E+03  0.7428437E+00  0.7015383E+00
     203  0.1753920E+08  0.8640000E+05  0.4420474E-17  0.9562375E+02  0.9562375E+03  0.7428437E+00  0.7015383E+00
     204  0.1762560E+08  0.8640000E+05  0.4667303E-17  0.9562375E+02  0.9562375E+03  0.7428437E+00  0.7015383E+00
     205  0.1771200E+08  0.8640000E+05  0.4420474E-17  0.9562375E+02  0.9562375E+03  0.7428437E+00  0.7015383E+00
     206  0.1779840E+08  0.8640000E+05  0.4442913E-17  0.9562375E+02  0.9562375E+03  0.7428437E+00  0.7015383E+00
     207  0.1788480E+08  0.8640000E+05  0.5026326E-17  0.9562375E+02  0.9562375E+03  0.7428437E+00  0.7015383E+00
     208  0.1797120E+08  0.8640000E+05  0.4442913E-17  0.9562375E+02  0.9562375E+03  0.7428437E+00  0.7015383E+00
     209  0.1805760E+08  0.8640000E+05  0.4667303E-17  0.9562375E+02  0.9562375E+03  0.7428437E+00  0.7015383E+00
     210  0.1814400E+08  0.8640000E+05  0.4442913E-17  0.9562375E+02  0.9562375E+03  0.7428437E+00  0.7015383E+00
     211  0.1823040E+08  0.8640000E+05  0.4757058E-17  0.9562375E+02  0.9562375E+03  0.7428437E+00  0.7015383E+00
     212  0.1831680E+08  0.8640000E+05  0.4061451E-17  0.9562375E+02  0.9562375E+03  0.7428437E+00  0.7015383E+00
     213  0.1840320E+08  0.8640000E+05  0.4173646E-17  0.9562375E+02  0.9562375E+03  0.7428437E+00  0.7015383E+00
     214  0.1848960E+08  0.8640000E+05  0.4622425E-17  0.9562375E+02  0.9562375E+03  0.7428437E+00  0.7015383E+00
     215  0.1857600E+08  0.8640000E+05  0.4622425E-17  0.9562375E+02  0.9562375E+03  0.7428437E+00  0.7015383E+00
     216  0.1866240E+08  0.8640000E+05  0.4622425E-17  0.9562375E+02  0.9562375E+03  0.7428437E+00  0.7015383E+00
     217  0.1874880E+08  0.8640000E+05  0.4846814E-17  0.9562375E+02  0.9562375E+03  0.7428437E+00  0.7015383E+00
     218  0.1883520E+08  0.8640000E+05  0.4420474E-17  0.9562375E+02  0.9562375E+03  0.7428437E+00  0.7015383E+00
     219  0.1892160E+08  0.8640000E+05  0.4667303E-17  0.9562375E+02  0.9562375E+03  0.7428437E+00  0.7015383E+00
     220  0.1900800E+08  0.8640000E+05  0.4398035E-17  0.9562375E+02  0.9562375E+03  0.7428437E+00  0.7015383E+00
     221  0.1909440E+08  0.8640000E+05  0.4622425E-17  0.9562375E+02  0.9562375E+03  0.7428437E+00  0.7015383E+00
     222  0.1918080E+08  0.8640000E+05  0.4757058E-17  0.9562375E+02  0.9562375E+03  0.7428437E+00  0.7015383E+00
     223  0.1926720E+08  0.8640000E+05  0.4218523E-17  0.9562375E+02  0.9562375E+03  0.7428437E+00  0.7015383E+00
     224  0.1935360E+08  0.8640000E+05  0.4779497E-17  0.9562375E+02  0.9562375E+03  0.7428437E+00  0.7015383E+00
     225  0.1944000E+08  0.8640000E+05  0.4218523E-17  0.9562375E+02  0.9562375E+03  0.7428437E+00  0.7015383E+00
     226  0.1952640E+08  0.8640000E+05  0.4622425E-17  0.9562375E+02  0.9562375E+03  0.7428437E+00  0.7015383E+00
     227  0.1961280E+08  0.8640000E+05  0.4869253E-17  0.9562375E+02  0.9562375E+03  0.7428437E+00  0.7015383E+00
     228  0.1969920E+08  0.8640000E+05  0.4420474E-17  0.9562375E+02  0.9562375E+03  0.7428437E+00  0.7015383E+00
     229  0.1978560E+08  0.8640000E+05  0.4667303E-17  0.9562375E+02  0.9562375E+03  0.7428437E+00  0.7015383E+00
     230  0.1987200E+08  0.8640000E+05  0.4757058E-17  0.9562375E+02  0.9562375E+03  0.7428437E+00  0.7015383E+00
     231  0.1995840E+08  0.8640000E+05  0.4398035E-17  0.9562375E+02  0.9562375E+03  0.7428437E+00  0.7015383E+00
     232  0.2004480E+08  0.8640000E+05  0.4846814E-17  0.9562375E+02  0.9562375E+03  0.7428437E+00  0.7015383E+00
     233  0.2013120E+08  0.8640000E+05  0.4622425E-17  0.9562375E+02  0.9562375E+03  0.7428437E+00  0.7015383E+00
     234  0.2021760E+08  0.8640000E+05  0.4420474E-17  0.9562375E+02  0.9562375E+03  0.7428437E+00  0.7015383E+00
     235  0.2030400E+08  0.8640000E+05  0.4779497E-17  0.9562375E+02  0.9562375E+03  0.7428437E+00  0.7015383E+00
     236  0.2039040E+08  0.8640000E+05  0.4308279E-17  0.9562375E+02  0.9562375E+03  0.7428437E+00  0.7015383E+00
     237  0.2047680E+08  0.8640000E+05  0.5026326E-17  0.9562375E+02  0.9562375E+03  0.7428437E+00  0.7015383E+00
     238  0.2056320E+08  0.8640000E+05  0.4420474E-17  0.9562375E+02  0.9562375E+03  0.7428437E+00  0.7015383E+00
     239  0.2064960E+08  0.8640000E+05  0.4420474E-17  0.9562375E+02  0.9562375E+03  0.7428437E+00  0.7015383E+00
     240  0.2073600E+08  0.8640000E+05  0.4667303E-17  0.9562375E+02  0.9562375E+03  0.7428437E+00  0.7015383E+00
     241  0.2082240E+08  0.8640000E+05  0.4308279E-17  0.9562375E+02  0.9562375E+03  0.7428437E+00  0.7015383E+00
     242  0.2090880E+08  0.8640000E+05  0.4757058E-17  0.9562375E+02  0.9562375E+03  0.7428437E+00  0.7015383E+00
     243  0.2099520E+08  0.8640000E+05  0.4218523E-17  0.9562375E+02  0.9562375E+03  0.7428437E+00  0.7015383E+00
     244  0.2108160E+08  0.8640000E+05  0.4779497E-17  0.9562375E+02  0.9562375E+03  0.7428437E+00  0.7015383E+00
     245  0.2116800E+08  0.8640000E+05  0.4218523E-17  0.9562375E+02  0.9562375E+03  0.7428437E+00  0.7015383E+00
     246  0.2125440E+08  0.8640000E+05  0.4779497E-17  0.9562375E+02  0.9562375E+03  0.7428437E+00  0.7015383E+00
     247  0.2134080E+08  0.8640000E+05  0.4218523E-17  0.9562375E+02  0.9562375E+03  0.7428437E+00  0.7015383E+00
     248  0.2142720E+08  0.8640000E+05  0.4667303E-17  0.9562375E+02  0.9562375E+03  0.7428437E+00  0.7015383E+00
     249  0.2151360E+08  0.8640000E+05  0.4330718E-17  0.9562375E+02  0.9562375E+03  0.7428437E+00  0.7015383E+00
     250  0.2160000E+08  0.8640000E+05  0.4757058E-17  0.9562375E+02  0.9562375E+03  0.7428437E+00  0.7015383E+00
     251  0.2168640E+08  0.8640000E+05  0.4330718E-17  0.9562375E+02  0.9562375E+03  0.7428437E+00  0.7015383E+00
     252  0.2177280E+08  0.8640000E+05  0.4442913E-17  0.9562375E+02  0.9562375E+03  0.7428437E+00  0.7015383E+00
     253  0.2185920E+08  0.8640000E+05  0.4869253E-17  0.9562375E+02  0.9562375E+03  0.7428437E+00  0.7015383E+00
     254  0.2194560E+08  0.8640000E+05  0.4420474E-17  0.9562375E+02  0.9562375E+03  0.7428437E+00  0.7015383E+00
     255  0.2203200E+08  0.8640000E+05  0.4667303E-17  0.9562375E+02  0.9562375E+03  0.7428437E+00  0.7015383E+00
     256  0.2211840E+08  0.8640000E+05  0.4442913E-17  0.9562375E+02  0.9562375E+03  0.7428437E+00  0.7015383E+00
     257  0.2220480E+08  0.8640000E+05  0.4622425E-17  0.9562375E+02  0.9562375E+03  0.7428437E+00  0.7015383E+00
     258  0.2229120E+08  0.8640000E+05  0.4757058E-17  0.9562375E+02  0.9562375E+03  0.7428437E+00  0.7015383E+00
     259  0.2237760E+08  0.8640000E+05  0.4757058E-17  0.9562375E+02  0.9562375E+03  0.7428437E+00  0.7015383E+00
     260  0.2246400E+08  0.8640000E+05  0.4420474E-17  0.9562375E+02  0.9562375E+03  0.7428437E+00  0.7015383E+00
     261  0.2255040E+08  0.8640000E+05  0.4442913E-17  0.9562375E+02  0.9562375E+03  0.7428437E+00  0.7015383E+00
     262  0.2263680E+08  0.8640000E+05  0.4622425E-17  0.9562375E+02  0.9562375E+03  0.7428437E+00  0.7015383E+00
     263  0.2272320E+08  0.8640000E+05  0.4846814E-17  0.9562375E+02  0.9562375E+03  0.7428437E+00  0.7015383E+00
     264  0.2280960E+08  0.8640000E+05  0.4173646E-17  0.9562375E+02  0.9562375E+03  0.7428437E+00  0.7015383E+00
     265  0.2289600E+08  0.8640000E+05  0.4757058E-17  0.9562375E+02  0.9562375E+03  0.7428437E+00  0.7015383E+00
     266  0.2298240E+08  0.8640000E+05  0.4420474E-17  0.9562375E+02  0.9562375E+03  0.7428437E+00  0.7015383E+00
     267  0.2306880E+08  0.8640000E+05  0.4757058E-17  0.9562375E+02  0.9562375E+03  0.7428437E+00  0.7015383E+00
     268  0.2315520E+08  0.8640000E+05  0.4622425E-17  0.9562375E+02  0.9562375E+03  0.7428437E+00  0.7015383E+00
     269  0.2324160E+08  0.8640000E+05  0.4869253E-17  0.9562375E+02  0.9562375E+03  0.7428437E+00  0.7015383E+00
     270  0.2332800E+08  0.8640000E+05  0.4757058E-17  0.9562375E+02  0.9562375E+03  0.7428437E+00  0.7015383E+00
     271  0.2341440E+08  0.8640000E+05  0.4218523E-17  0.9562375E+02  0.9562375E+03  0.7428437E+00  0.7015383E+00
     272  0.2350080E+08  0.8640000E+05  0.4869253E-17  0.9562375E+02  0.9562375E+03  0.7428437E+00  0.7015383E+00
     273  0.2358720E+08  0.8640000E+05  0.4779497E-17  0.9562375E+02  0.9562375E+03  0.7428437E+00  0.7015383E+00
     274  0.2367360E+08  0.8640000E+05  0.4712180E-17  0.9562375E+02  0.9562375E+03  0.7428437E+00  0.7015383E+00
     275  0.2376000E+08  0.8640000E+05  0.4622425E-17  0.9562375E+02  0.9562375E+03  0.7428437E+00  0.7015383E+00
     276  0.2384640E+08  0.8640000E+05  0.4869253E-17  0.9562375E+02  0.9562375E+03  0.7428437E+00  0.7015383E+00
     277  0.2393280E+08  0.8640000E+05  0.4398035E-17  0.9562375E+02  0.9562375E+03  0.7428437E+00  0.7015383E+00
     278  0.2401920E+08  0.8640000E+05  0.4869253E-17  0.9562375E+02  0.9562375E+03  0.7428437E+00  0.7015383E+00
     279  0.2410560E+08  0.8640000E+05  0.4420474E-17  0.9562375E+02  0.9562375E+03  0.7428437E+00  0.7015383E+00
     280  0.2419200E+08  0.8640000E+05  0.4420474E-17  0.9562375E+02  0.9562375E+03  0.7428437E+00  0.7015383E+00
     281  0.2427840E+08  0.8640000E+05  0.4869253E-17  0.9562375E+02  0.9562375E+03  0.7428437E+00  0.7015383E+00
     282  0.2436480E+08  0.8640000E+05  0.4622425E-17  0.9562375E+02  0.9562375E+03  0.7428437E+00  0.7015383E+00
     283  0.2445120E+08  0.8640000E+05  0.4981448E-17  0.9562375E+02  0.9562375E+03  0.7428437E+00  0.7015383E+00
     284  0.2453760E+08  0.8640000E+05  0.4757058E-17  0.9562375E+02  0.9562375E+03  0.7428437E+00  0.7015383E+00
     285  0.2462400E+08  0.8640000E+05  0.5048765E-17  0.9562375E+02  0.9562375E+03  0.7428437E+00  0.7015383E+00
     286  0.2471040E+08  0.8640000E+05  0.4869253E-17  0.9562375E+02  0.9562375E+03  0.7428437E+00  0.7015383E+00
     287  0.2479680E+08  0.8640000E+05  0.4891692E-17  0.9562375E+02  0.9562375E+03  0.7428437E+00  0.7015383E+00
     288  0.2488320E+08  0.8640000E+05  0.4779497E-17  0.9562375E+02  0.9562375E+03  0.7428437E+00  0.7015383E+00
     289  0.2496960E+08  0.8640000E+05  0.4779497E-17  0.9562375E+02  0.9562375E+03  0.7428437E+00  0.7015383E+00
     290  0.2505600E+08  0.8640000E+05  0.4398035E-17  0.9562375E+02  0.9562375E+03  0.7428437E+00  0.7015383E+00
     291  0.2514240E+08  0.8640000E+05  0.4779497E-17  0.9562375E+02  0.9562375E+03  0.7428437E+00  0.7015383E+00
     292  0.2522880E+08  0.8640000E+05  0.4218523E-17  0.9562375E+02  0.9562375E+03  0.7428437E+00  0.7015383E+00
     293  0.2531520E+08  0.8640000E+05  0.4667303E-17  0.9562375E+02  0.9562375E+03  0.7428437E+00  0.7015383E+00
     294  0.2540160E+08  0.8640000E+05  0.4779497E-17  0.9562375E+02  0.9562375E+03  0.7428437E+00  0.7015383E+00
     295  0.2548800E+08  0.8640000E+05  0.4218523E-17  0.9562375E+02  0.9562375E+03  0.7428437E+00  0.7015383E+00
     296  0.2557440E+08  0.8640000E+05  0.4622425E-17  0.9562375E+02  0.9562375E+03  0.7428437E+00  0.7015383E+00
     297  0.2566080E+08  0.8640000E+05  0.4667303E-17  0.9562375E+02  0.9562375E+03  0.7428437E+00  0.7015383E+00
     298  0.2574720E+08  0.8640000E+05  0.4442913E-17  0.9562375E+02  0.9562375E+03  0.7428437E+00  0.7015383E+00
     299  0.2583360E+08  0.8640000E+05  0.4420474E-17  0.9562375E+02  0.9562375E+03  0.7428437E+00  0.7015383E+00
     300  0.2592000E+08  0.8640000E+05  0.4667303E-17  0.9562375E+02  0.9562375E+03  0.7428437E+00  0.7015383E+00
     301  0.2600640E+08  0.8640000E+05  0.4218523E-17  0.9562375E+02  0.9562375E+03  0.7428437E+00  0.7015383E+00
     302  0.2609280E+08  0.8640000E+05  0.4869253E-17  0.9562375E+02  0.9562375E+03  0.7428437E+00  0.7015383E+00
     303  0.2617920E+08  0.8640000E+05  0.4442913E-17  0.9562375E+02  0.9562375E+03  0.7428437E+00  0.7015383E+00
     304  0.2626560E+08  0.8640000E+05  0.4622425E-17  0.9562375E+02  0.9562375E+03  0.7428437E+00  0.7015383E+00
     305  0.2635200E+08  0.8640000E+05  0.4622425E-17  0.9562375E+02  0.9562375E+03  0.7428437E+00  0.7015383E+00
     306  0.2643840E+08  0.8640000E+05  0.4420474E-17  0.9562375E+02  0.9562375E+03  0.7428437E+00  0.7015383E+00
     307  0.2652480E+08  0.8640000E+05  0.4667303E-17  0.9562375E+02  0.9562375E+03  0.7428437E+00  0.7015383E+00
     308  0.2661120E+08  0.8640000E+05  0.4398035E-17  0.9562375E+02  0.9562375E+03  0.7428437E+00  0.7015383E+00
     309  0.2669760E+08  0.8640000E+05  0.4622425E-17  0.9562375E+02  0.9562375E+03  0.7428437E+00  0.7015383E+00
     310  0.2678400E+08  0.8640000E+05  0.4420474E-17  0.9562375E+02  0.9562375E+03  0.7428437E+00  0.7015383E+00
     311  0.2687040E+08  0.8640000E+05  0.4667303E-17  0.9562375E+02  0.9562375E+03  0.7428437E+00  0.7015383E+00
     312  0.2695680E+08  0.8640000E+05  0.4757058E-17  0.9562375E+02  0.9562375E+03  0.7428437E+00  0.7015383E+00
     313  0.2704320E+08  0.8640000E+05  0.4330718E-17  0.9562375E+02  0.9562375E+03  0.7428437E+00  0.7015383E+00
     314  0.2712960E+08  0.8640000E+05  0.4308279E-17  0.9562375E+02  0.9562375E+03  0.7428437E+00  0.7015383E+00
     315  0.2721600E+08  0.8640000E+05  0.4757058E-17  0.9562375E+02  0.9562375E+03  0.7428437E+00  0.7015383E+00
     316  0.2730240E+08  0.8640000E+05  0.4173646E-17  0.9562375E+02  0.9562375E+03  0.7428437E+00  0.7015383E+00
     317  0.2738880E+08  0.8640000E+05  0.4622425E-17  0.9562375E+02  0.9562375E+03  0.7428437E+00  0.7015383E+00
     318  0.2747520E+08  0.8640000E+05  0.4757058E-17  0.9562375E+02  0.9562375E+03  0.7428437E+00  0.7015383E+00
     319  0.2756160E+08  0.8640000E+05  0.4442913E-17  0.9562375E+02  0.9562375E+03  0.7428437E+00  0.7015383E+00
     320  0.2764800E+08  0.8640000E+05  0.4622425E-17  0.9562375E+02  0.9562375E+03  0.7428437E+00  0.7015383E+00
     321  0.2773440E+08  0.8640000E+05  0.4622425E-17  0.9562375E+02  0.9562375E+03  0.7428437E+00  0.7015383E+00
     322  0.2782080E+08  0.8640000E+05  0.4151207E-17  0.9562375E+02  0.9562375E+03  0.7428437E+00  0.7015383E+00
     323  0.2790720E+08  0.8640000E+05  0.4173646E-17  0.9562375E+02  0.9562375E+03  0.7428437E+00  0.7015383E+00
     324  0.2799360E+08  0.8640000E+05  0.4891692E-17  0.9562375E+02  0.9562375E+03  0.7428437E+00  0.7015383E+00
     325  0.2808000E+08  0.8640000E+05  0.4173646E-17  0.9562375E+02  0.9562375E+03  0.7428437E+00  0.7015383E+00
     326  0.2816640E+08  0.8640000E+05  0.4420474E-17  0.9562375E+02  0.9562375E+03  0.7428437E+00  0.7015383E+00
     327  0.2825280E+08  0.8640000E+05  0.4218523E-17  0.9562375E+02  0.9562375E+03  0.7428437E+00  0.7015383E+00
     328  0.2833920E+08  0.8640000E+05  0.4442913E-17  0.9562375E+02  0.9562375E+03  0.7428437E+00  0.7015383E+00
     329  0.2842560E+08  0.8640000E+05  0.4891692E-17  0.9562375E+02  0.9562375E+03  0.7428437E+00  0.7015383E+00
     330  0.2851200E+08  0.8640000E+05  0.4218523E-17  0.9562375E+02  0.9562375E+03  0.7428437E+00  0.7015383E+00
     331  0.2859840E+08  0.8640000E+05  0.4667303E-17  0.9562375E+02  0.9562375E+03  0.7428437E+00  0.7015383E+00
     332  0.2868480E+08  0.8640000E+05  0.4442913E-17  0.9562375E+02  0.9562375E+03  0.7428437E+00  0.7015383E+00
     333  0.2877120E+08  0.8640000E+05  0.4667303E-17  0.9562375E+02  0.9562375E+03  0.7428437E+00  0.7015383E+00
     334  0.2885760E+08  0.8640000E+05  0.4218523E-17  0.9562375E+02  0.9562375E+03  0.7428437E+00  0.7015383E+00
     335  0.2894400E+08  0.8640000E+05  0.4779497E-17  0.9562375E+02  0.9562375E+03  0.7428437E+00  0.7015383E+00
     336  0.2903040E+08  0.8640000E+05  0.4308279E-17  0.9562375E+02  0.9562375E+03  0.7428437E+00  0.7015383E+00
     337  0.2911680E+08  0.8640000E+05  0.4420474E-17  0.9562375E+02  0.9562375E+03  0.7428437E+00  0.7015383E+00
     338  0.2920320E+08  0.8640000E+05  0.4420474E-17  0.9562375E+02  0.9562375E+03  0.7428437E+00  0.7015383E+00
     339  0.2928960E+08  0.8640000E+05  0.4779497E-17  0.9562375E+02  0.9562375E+03  0.7428437E+00  0.7015383E+00
     340  0.2937600E+08  0.8640000E+05  0.4398035E-17  0.9562375E+02  0.9562375E+03  0.7428437E+00  0.7015383E+00
     341  0.2946240E+08  0.8640000E+05  0.4869253E-17  0.9562375E+02  0.9562375E+03  0.7428437E+00  0.7015383E+00
     342  0.2954880E+08  0.8640000E+05  0.4712180E-17  0.9562375E+02  0.9562375E+03  0.7428437E+00  0.7015383E+00
     343  0.2963520E+08  0.8640000E+05  0.4240962E-17  0.9562375E+02  0.9562375E+03  0.7428437E+00  0.7015383E+00
     344  0.2972160E+08  0.8640000E+05  0.4622425E-17  0.9562375E+02  0.9562375E+03  0.7428437E+00  0.7015383E+00
     345  0.2980800E+08  0.8640000E+05  0.4308279E-17  0.9562375E+02  0.9562375E+03  0.7428437E+00  0.7015383E+00
     346  0.2989440E+08  0.8640000E+05  0.4218523E-17  0.9562375E+02  0.9562375E+03  0.7428437E+00  0.7015383E+00
     347  0.2998080E+08  0.8640000E+05  0.4622425E-17  0.9562375E+02  0.9562375E+03  0.7428437E+00  0.7015383E+00
     348  0.3006720E+08  0.8640000E+05  0.4622425E-17  0.9562375E+02  0.9562375E+03  0.7428437E+00  0.7015383E+00
     349  0.3015360E+08  0.8640000E+05  0.4308279E-17  0.9562375E+02  0.9562375E+03  0.7428437E+00  0.7015383E+00
     350  0.3024000E+08  0.8640000E+05  0.4667303E-17  0.9562375E+02  0.9562375E+03  0.7428437E+00  0.7015383E+00
     351  0.3032640E+08  0.8640000E+05  0.5026326E-17  0.9562375E+02  0.9562375E+03  0.7428437E+00  0.7015383E+00
     352  0.3041280E+08  0.8640000E+05  0.4330718E-17  0.9562375E+02  0.9562375E+03  0.7428437E+00  0.7015383E+00
     353  0.3049920E+08  0.8640000E+05  0.4218523E-17  0.9562375E+02  0.9562375E+03  0.7428437E+00  0.7015383E+00
     354  0.3058560E+08  0.8640000E+05  0.4622425E-17  0.9562375E+02  0.9562375E+03  0.7428437E+00  0.7015383E+00
     355  0.3067200E+08  0.8640000E+05  0.4420474E-17  0.9562375E+02  0.9562375E+03  0.7428437E+00  0.7015383E+00
     356  0.3075840E+08  0.8640000E+05  0.4622425E-17  0.9562375E+02  0.9562375E+03  0.7428437E+00  0.7015383E+00
     357  0.3084480E+08  0.8640000E+05  0.4667303E-17  0.9562375E+02  0.9562375E+03  0.7428437E+00  0.7015383E+00
     358  0.3093120E+08  0.8640000E+05  0.4420474E-17  0.9562375E+02  0.9562375E+03  0.7428437E+00  0.7015383E+00
     359  0.3101760E+08  0.8640000E+05  0.4083890E-17  0.9562375E+02  0.9562375E+03  0.7428437E+00  0.7015383E+00
     360  0.3110400E+08  0.8640000E+05  0.4622425E-17  0.9562375E+02  0.9562375E+03  0.7428437E+00  0.7015383E+00
