    0
  entrada para Bloco Macro
         1         0         2         4         1        2D
      2601      2500       601        50        50
         1         1         1 
         1         4      0.00      0.00
                          1.00      0.00
                          1.00      1.00
                          0.00      1.00
        50         1        50        51 
         0
         1      2551        51         1
         0
         0
         1         1         4         4         0 
         1       1.00e+00  1.00e+12  1.00e+12   
       0.0       0.0       0.0
       0.0       1.0       1.0     
       0.0
   8.64d+4       360 
         1         1         1         2        53        52         1
        50         1         1        50        50        51
         0
         0
*end

    0
  entrada para Bloco Macro
         1         0         2         4         1        2D
       961       900       601        30        30
         1         1         1 
         1         4      0.00      0.00
                          1.00      0.00
                          1.00      1.00
                          0.00      1.00
        30         1        30        31 
         0
         1       931        31         1
         0
         0
         1         1         4         4         0 
         1       1.00e+00  1.00e+12  1.00e+12   
       0.0       0.0       0.0
       0.0       1.0       1.0     
       0.0
   8.64d+4        480 
         1         1         1         2        33        32         1
        30         1         1        30        30        31
         0
         0
*end

    0
  entrada para Bloco Macro
         1         0         2         4         1        2D
       121       100       601        10        10
         1         1         1 
         1         4      0.00      0.00
                          1.00      0.00
                          1.00      1.00
                          0.00      1.00
        10         1        10        11 
         0
         1       111        11         1
         0
         0
         1         1         4         4         0 
         1       1.00e+00  1.00e+12  1.00e+12   
       0.0       0.0       0.0
       0.0       1.0       1.0     
       0.0
   8.64d+4        30 
         1         1         1         2        13        12         1
        10         1         1        10        10        11
         0
         0
*end

    0
  entrada para a fratura
         1         0         2         4       2D
       402       200       601         1       200
         1         1         1 
         1         4      0.00       0.0
                          0.01       0.0
                          0.01      0.05
                          0.00      0.05
         1         1       100         2
       201         4      0.00      0.05
                          0.01      0.05
                          0.01      1.00
                          0.0       1.00
         1         1       100         2
         0  
         1         0         0         1
         0
         0
         1         1         2         2         0 
         1       1.00e+00  1.00e+12  1.00e+12   
       0.0       0.0       0.0
       0.0       1.0       1.0     
       0.0
   8.64d+4       480
         1         1         1         2         4         3        1
         1         1         1       200         1         2
         0         
*end
